495229
380037
385177
384972
440979
394331
390443
391344
452219
396176
417687
392809
458104
365639
399143
392667
452891
402274
352748
388440
378587
401384
439370
384376
360467
360189
426072
391234
469928
382851
368905
362260
391504
387155
404231
402311
472959
416975
468659
368860
364673
396667
385058
473583
434957
364678
366309
378936
383376
473671
364673
374105
377682
382781
459342
381518
364441
380977
422868
385023
458785
411833
383061
364261
375278
438244
403788
453385
355416
360381
376449
410747
381058
462158
451427
382509
370882
429012
380175
480172
355023
360412
411827
383411
443313
385039
360986
368928
377553
382066
462815
437499
360828
355739
413672
383283
431697
360047
410021
395366
414978
