15162220
15199844
15155644
15179148
15162241
15105384
15195522
15152602
15174033
15161716
15180497
15121725
15223133
15141421
15203372
15193979
15148131
15143452
15124832
15184215
15123481
15166978
15180032
15158541
15159300
15181939
15147170
15194688
15165481
15137974
15161779
15164556
15193085
15175208
15194569
15166320
15228501
15191155
15208775
15197149
15199537
15187979
15177166
15226130
15138031
15206521
15171151
15155516
15166782
15177348
15167709
15115417
15180431
15141740
15153083
15139443
15161523
15135677
15129468
15178613
15112409
15131261
15160834
15172388
15162431
15158516
15203480
15207885
15212539
15173486
15201572
15183255
15177434
15149144
15162691
15167767
15167396
15196198
15142038
15155017
15172684
15167192
15207346
15164287
15201854
15163884
15161946
15204565
15171526
15155668
15149163
15188755
15143198
15212736
15152916
15132428
15139133
15164753
15145127
15186713
15181993
