527428
499040
467366
474783
464119
439825
526078
424137
446553
552539
439627
430856
461927
427167
507910
482151
470204
395164
464492
452031
484831
425979
434085
466322
425394
417501
483920
457609
428275
426565
454520
462871
511488
481886
426268
440376
468249
451333
514486
411643
441933
478179
411697
425057
456817
506619
431347
462760
467167
464206
415558
479522
561499
462647
430255
433153
500772
395921
416658
453842
437217
439039
506488
402033
443925
555203
507900
520995
425058
500949
437572
429236
471275
468389
490453
430773
451030
501729
397863
409173
439582
453104
571337
407357
413188
441911
453676
544763
432196
455251
458443
465508
457543
453419
417132
448345
442762
498823
401615
431825
459503
