15844900
15834789
15912574
15884897
15831497
15805917
15979631
15800182
15844488
15813261
15960168
15753976
15829388
15975848
15838390
15874674
15995892
15844989
15874121
15862378
15861641
15859680
15761476
15862958
15887694
15813681
15833571
16009292
15898579
15813460
15845314
15849333
15884955
15807428
16029547
15866254
15913666
15806409
15914285
15810388
15946989
15807378
16032853
15822396
15903562
15895568
15916724
15756571
15921595
15895233
15888801
15821146
15902261
15942357
15840390
15831884
15811830
15901897
15723257
15845804
15989963
15912762
15822802
15822152
15775649
15880689
15968887
16007522
15819080
15761150
16012850
15791363
15809028
15762711
16003229
15828396
15794219
15754796
15807545
15947446
15860262
15850654
15836991
15794936
15950292
15806769
15799203
16061383
15870648
15841228
15888137
15896871
15847117
15903359
15876945
15914507
15768639
15851630
15870178
15883209
15858489
