476558
293924
306867
331263
326193
305247
320128
304210
351415
360714
398079
339580
282638
310278
308766
322179
274625
340755
304494
430357
280938
288446
350602
306116
342534
359632
316339
329368
323231
366594
309488
311423
374630
563891
296890
293739
310039
322245
315573
353888
471600
439498
453880
305416
347155
357880
524540
289232
338418
336134
396808
353502
324472
407403
320368
330135
362490
371181
287862
350385
346178
403448
296722
310247
371056
414257
323263
315758
347711
319649
333971
333676
386541
303435
332580
352168
472704
306827
342714
362718
347523
322744
325053
384541
301302
332679
339503
324981
300665
326509
328356
332366
286731
327084
341512
363228
325944
436062
325035
444042
313931
