15176172
15133474
15117472
15158398
15101929
15202610
15112352
15147737
15074048
16659378
15164247
15242232
15143260
15197295
15164626
15206761
15163433
15260464
15120042
15204977
15149413
15164982
15217007
15132483
15175462
15262463
15790713
15800433
15873809
15869299
15832474
15831185
15796700
15851733
15835177
15884504
15919720
15882136
15824264
15925657
15671640
16049554
16065068
15905565
15848512
15805262
15941959
15844056
15834271
15816597
15848204
15787040
15858358
15837673
15864557
15896708
15835762
15877207
15871926
15949893
15850358
15853090
15841596
15956143
15770518
15812665
15868303
15879481
15858097
16053674
15984413
15827270
16085582
15787384
15797928
15796573
15953523
15877708
15857773
15807870
15884119
15831258
15835922
15833314
15880791
15903727
15807588
15864838
15813583
16028096
15830965
15945719
15897972
15994135
15944945
15910647
15814810
15903743
15831434
15778827
15858805
