502770
391597
402506
509694
366578
395927
393949
447628
463955
410833
372745
424145
402129
378688
406584
384415
504516
457846
368897
409451
396628
461440
393907
371989
372163
478654
395752
402684
430699
380159
382315
389159
402053
399969
458302
379208
381461
465464
434986
367957
409470
397284
365311
368349
510433
400014
447224
389470
367358
368852
393437
414016
486414
365046
367250
383326
391944
394204
415316
381799
373589
393784
415945
482644
395954
371873
374003
371600
394377
391134
456427
433972
396687
368711
399987
513904
467489
413752
373137
359680
374798
398773
375892
417368
393816
477640
391874
377148
375442
496726
393810
483440
387780
374045
374752
396126
400705
405791
397053
366247
404408
