15188789
15188643
15162145
15121370
15166839
15204159
15139003
15189400
15084349
15254332
15137608
15153755
15188289
15175481
15117082
15150950
15126163
15158500
15131071
15158688
15135133
15207497
15131458
15146732
15183594
15215559
15177783
15136572
15158276
15128029
15200354
15152001
15149337
15146133
15116936
15119443
15202651
15264613
15188489
15224434
15184060
15080626
15112109
15127870
15230604
15368675
15122457
15137507
15203150
15152972
15189787
15120538
15103304
15159877
15150054
15136982
15146916
15200732
15162453
15139123
15159401
15127527
15224062
15152908
15129768
15134966
15180408
15147234
15150620
15144000
15167421
15215296
15212182
15161819
15156078
15139791
15186737
15137912
15115011
15070669
15217953
15214257
15160153
15152353
15122538
15223209
15111672
15152302
15148319
15154289
15154440
15129875
15190376
15141091
15204439
15150964
15148570
15153053
15156002
15166788
15232312
