528737
408510
411961
322075
398935
403057
389353
391239
355522
343671
375477
435833
390678
400802
366555
326942
329659
335948
369924
359731
387294
325425
420320
330994
401018
368452
373253
402412
321895
328574
334563
392670
392542
403475
400299
417550
337511
394924
429941
435786
330743
332497
408113
331083
347077
380345
319958
411000
432715
445363
324234
320544
384225
343363
371425
397096
406851
378644
375864
330849
318815
321116
395213
363590
372313
316354
392534
396613
374731
383787
321131
382204
371401
327754
395736
324659
331990
405517
342463
389696
398312
413179
371271
323848
320122
378477
314738
326086
361388
410994
323135
433050
328175
386487
357821
324989
384996
337434
321782
391606
360340
