397789851
396428611
398105608
381363725
401913096
378836213
388984950
389436790
387206133
390567267
401843147
386768987
389293720
408213580
391136080
389079351
394777049
394048452
383115194
388202222
393529331
370574553
372188746
402203284
396269001
386333524
387804860
391519030
386162944
409768178
421213243
412718755
406916729
392103905
391274754
386617524
393645480
371432135
410591398
376727763
382423257
382800893
406734004
390786619
378190165
387128809
389211722
401442290
386880266
373177115
381754852
382773028
370054422
401072273
385197568
385604405
393023358
389841567
396491398
385441666
379688012
380859780
398573395
391189786
399467650
401742347
383000091
385681568
400302997
397681835
408595894
405975817
382957764
413324238
401760591
402054538
395587288
398287229
423207464
416568559
392948566
396270789
400994841
389699448
384209337
399361496
401997839
395790979
394773463
392880075
384694446
385972121
385481881
375889757
413119970
413493106
391537408
402160391
393338743
404060685
384219110
