789050
545581
801799
581216
528432
545915
557987
525466
560444
564487
542016
585423
568963
509074
519637
529816
547224
634786
515018
562446
534988
545117
770181
511633
530060
558807
585114
519029
506583
521777
548901
576082
565403
509092
638594
557844
567437
512742
536404
530327
536552
540843
594692
629865
526488
542519
563445
556966
581555
534067
620216
534012
540338
531599
529013
549680
597490
515467
535289
558628
617900
537568
517717
526021
552116
549109
546960
546214
535180
571154
543146
558949
540049
539744
573474
536969
509508
533237
654612
613731
551894
746376
558790
538386
559341
566050
566528
524848
519921
551284
614007
515709
529897
527322
652258
664653
540981
553159
607525
550971
507340
