15204715
15182471
15164952
15207472
15123087
15234622
15188154
15174929
15166028
15211389
15136239
15161943
15124099
15112289
15234453
15151380
15229653
15215555
15157423
15180259
15217470
15157351
15193776
15174701
15200775
15201874
15203534
15168370
15161526
15172544
15207055
15167466
15139112
15159947
15128378
15210103
15175197
15193977
15162221
15178201
15182425
15183612
15198959
15187670
15185449
15178610
15217492
15150814
15200781
15165638
15174537
15198742
15190466
15187093
15238381
15175169
15170816
15161592
15177125
15201592
15188378
15229627
15167374
15179432
15175436
15194749
15127291
15174358
15215111
15218778
15168663
15136588
15175836
15186208
15209993
15170738
15134115
15166029
15171482
15203391
15168442
15135660
15164921
15202223
15197797
15204177
15162374
15196979
15189338
15191292
15196803
15151950
15159796
15167008
15174138
15227386
15202455
15179467
15197558
15202238
15175593
