396008
329209
441767
333428
327700
333631
332630
329242
327500
327717
347763
333866
344208
326687
326261
332328
325990
410286
324957
326584
348419
325790
335299
330648
328882
350925
328597
331074
332204
329484
416640
325804
361940
326946
336870
326158
325658
332224
327503
322260
333814
425580
332802
326777
358635
326232
329928
329135
337088
330723
327930
332945
407937
325996
369500
327115
336201
331531
329580
330033
327981
329159
336003
367452
326506
359689
329128
327632
331851
327061
329273
327472
332702
330363
332451
331126
331870
331780
367906
395846
330519
335877
347031
331949
328844
337579
330453
332196
329994
368430
323104
341187
337950
332907
336440
324636
334015
331745
330659
328703
359637
