168208845
167021978
170415484
166474687
173298455
175227182
172696827
165615073
166546741
172121997
158746957
173774768
176022731
160660152
163164487
162319023
162869439
178359864
180200830
170862221
173080068
163390161
177742965
181016029
164716144
155768890
162045154
176291476
162522959
172446923
176633045
175417402
176848951
168369594
176508875
165875167
160377583
175587661
165410721
173415694
169641354
181197038
167874193
166711597
163603852
173897577
161985557
171126444
162136415
184221320
163041805
165943487
163535049
162468296
172469849
175871307
162862746
167772508
167555907
176760404
182853229
183527863
169677322
170389339
180940118
178171296
174817396
168308019
174768854
174177055
167487043
181956846
169664150
186094971
184363714
179712259
177255353
169826278
171295486
172325892
176305950
184978855
175288243
171902105
181031850
175932131
170785832
167986676
168313797
174316428
178475052
176550953
166717433
174582818
174299482
176613384
172144424
172504819
172091181
176140060
175710697
