419555
451254
403730
328404
526134
405766
395853
450534
428536
359067
330665
383678
333374
378294
355851
412680
330855
330125
431808
419956
431291
456663
329825
404604
424702
355745
331105
420194
475358
429960
346867
408026
323179
446797
354017
425492
378610
328110
329072
458705
334701
402684
405141
433088
432282
421036
405572
424594
321116
385819
353280
459651
351672
325961
427458
425841
414210
333191
439736
329056
404823
350837
379469
457837
443744
324944
325006
374976
339248
413311
415121
423783
404411
340333
322982
404811
414454
437845
377729
343481
352442
414552
331799
327781
438850
440394
331174
341264
341927
321966
321216
349069
431594
407112
452326
358967
336256
332851
405150
405296
419758
