410177600
422554991
424012070
435727434
439882064
387710144
387342853
387557540
390722475
434569541
441960399
441473188
444738765
406134284
393683173
394946973
431294116
429092205
419371676
443094184
398223373
437310763
436157542
437129817
428768746
400681785
457841470
388264104
442039543
389681374
392822426
395087214
384644312
386574064
386358390
383386278
416339464
413445592
446613835
428294134
431747939
429893253
433550749
369924993
437675874
379131859
396356374
393522928
433323361
387503180
433433912
429830478
442282915
441169132
395226852
391536616
369701007
437882967
382867005
389731598
439140286
385886040
442611820
448311583
422859149
399863705
398528059
377429146
407863039
417095007
395009217
392025340
404309946
435066293
440686038
441339402
433310346
434816089
441415187
425542997
370932698
404921307
416545987
392810571
392879360
438508229
384543241
381492674
388356634
384727884
429958827
408983748
391930066
429962404
431955408
438978753
411619358
394542105
416082597
441816105
430424697
