806822
683605
789203
725965
626373
660928
666306
716328
634739
666005
674446
731731
646792
672692
663051
724194
646595
662441
684396
769824
611398
648165
654357
722004
668292
634934
647824
655370
655702
720266
684078
628099
651318
662397
668084
630111
618064
684662
647834
724844
695898
644864
665387
644799
702647
645199
622275
641762
666658
704140
763345
647481
665859
665680
740886
677080
629037
638863
646568
737811
702972
657850
636013
660941
661169
718873
652921
636217
646775
663968
699480
639260
633267
639239
650598
704764
655117
634978
644004
652578
680514
737285
636113
668043
659452
765263
680252
623632
633341
646727
759335
707706
658838
642569
673983
655492
803231
627434
694804
645131
726833
