15183148
15181428
15195067
15159948
15187712
15210317
15147572
15200296
15174136
15233888
15125964
15188856
15129509
15139506
15161777
15206454
15114587
15227866
15242316
15164765
15130239
15111010
15178482
15107962
15218801
15135842
15197948
15167968
15228901
15193082
15158871
15182631
15181815
15184984
15174896
15267129
15124442
15225809
15155040
15166043
15159609
15161931
15168754
15259734
15244603
15158962
15230382
15129645
15181877
15167495
15177843
15144684
15168878
15287725
15184060
15241471
15154761
15166620
15197882
15160082
15232180
15133734
15184079
15156320
15199863
15164119
15163602
15116297
15156426
15173127
15174752
15175320
15153143
15158354
15167661
15217864
15172646
15233046
15164979
15197083
15212835
15124414
15148272
15148850
15204929
15124678
15206215
15175837
15188325
15161484
15205625
15179057
15194945
15228434
15166863
15217381
15167479
15267927
15200675
15200996
15209358
