390347
322036
323707
325869
322606
320925
316991
324720
323442
322078
325939
319671
319917
327148
318819
321630
329847
391503
445203
340585
321505
317083
317685
325417
323355
326261
323243
318469
331977
317961
317486
327767
322913
325159
324919
319912
326849
322839
320672
323859
319106
327482
319966
319992
475821
321751
323257
331855
317869
321200
325248
341927
328639
319583
322981
319499
314497
325453
320715
317299
336716
318172
321271
321354
320982
324077
321997
319082
399147
317266
326266
329225
316239
323183
324513
319822
320919
331190
316537
319885
318587
324193
324835
321232
328190
323389
327475
323226
324159
319795
320402
322095
319650
318332
319998
324170
318148
322705
328048
326144
324281
