301747545
297258891
293343474
289371153
292233614
307999092
308794791
306100984
318922064
318715556
337673800
308379810
310967197
293059063
295257653
306628404
321694982
323174142
294875022
295131207
308011182
296400699
296042592
319140878
333305187
334169560
300231594
302456885
303410631
317719925
319169443
304124808
295808895
296474941
298579892
296073206
301130053
302172707
299580829
285401722
285764527
299820759
297563111
298549884
334978545
333016003
314446916
285628384
283965576
290419149
349084109
346558384
299224903
298644561
298947638
308446111
305371429
290754835
295690827
297267465
332293220
331335768
295568863
318810528
320386758
307051485
305527187
305390035
318641105
318060642
349894961
283050956
283923567
318283952
291650905
289009723
349098707
303272830
303352948
317896368
318651909
314524321
327544167
324074581
332018837
323003405
319999820
337695969
315309896
314272853
304733902
326562133
325209030
292181770
293188850
317989268
288538549
290023255
310587745
307862106
330868985
