396069
326107
322554
328734
326017
322861
321674
319947
319439
320476
400113
328750
319049
321209
325031
321040
326348
320827
325706
327405
322004
324066
321183
332023
317440
326663
319883
320857
328037
319087
324847
317349
323919
321728
329664
336280
325893
325728
317341
329148
316484
333411
324279
322822
324317
317981
327048
321914
329781
323306
322545
324283
322174
321998
319523
405869
322176
323047
321541
322390
330542
317776
324586
315283
321776
321837
325772
317125
378414
317483
325165
322061
319022
334646
327532
321751
322848
321489
336163
319177
334065
322982
317128
325346
319439
373393
316593
322126
334685
322830
329886
321103
333406
317978
325521
323410
321596
326468
320419
323399
317430
