306630488
305178431
268088675
251451031
250689724
306601956
306920069
264341796
265349629
289211139
290871116
250695599
263677465
264431992
294817558
296247544
295304692
296269556
280456377
249816591
249772677
296401134
296720628
274351557
275288124
304500899
306582397
295442052
253354781
255560037
289671881
291156364
273067343
273512896
282665323
258133302
258602216
300160715
298572501
272316073
273231675
291389419
293638384
294110847
302840337
301775870
295477417
259099530
256570937
250557672
251067165
298720707
297655317
260627898
261333262
286359528
283316199
289082459
250619499
251099899
262652043
259433192
251850974
251956095
288529456
288817633
259779792
257562166
300475728
301468327
300515837
292104615
289881583
285586080
285515242
294422729
311223947
308984021
296879183
297471832
271667680
258833280
257077354
305029532
305584855
300166482
300359787
297423152
284476282
285026814
265666940
265009147
257649267
258182004
265269452
264902811
264496349
293429708
291593185
288751108
289609876
