353746
226692
242515
245802
319522
264945
274304
260931
313098
228857
224948
252722
266871
229836
246453
242731
298891
251990
319006
260607
255321
306800
233318
234669
230636
266434
261929
283068
221544
227063
269048
261613
254058
305844
253978
338539
258596
257761
292075
252573
225099
230656
249129
281186
350036
260780
219142
251595
277398
330150
235485
346277
266236
274697
299363
218332
243883
263070
256964
257222
220021
223532
238370
247350
253897
264189
237858
220446
224171
229390
265651
337817
353501
219465
241012
239046
255707
302362
250081
238943
246590
345692
264600
258139
225707
227940
237498
254473
274373
303673
258374
216330
236286
241786
248652
317310
222857
250894
225772
251088
229034
