15138464
15172775
15174551
15172881
15170881
15101136
15185062
15132121
15122699
15108249
15212835
15177331
15114029
15176786
15249837
15148559
15127281
15144671
15165528
15136318
15086760
15119688
15124367
15205442
15137281
15150488
15146382
15115631
15145989
15141991
15182503
15135692
15189452
15111232
15079367
15128041
15116642
15146923
15110952
15109241
15114804
15170126
15169280
15174819
15271500
15180409
15255224
15216058
15214283
15119006
15187487
15211563
15124503
15146737
15179432
15119078
15172753
15167497
15123874
15152544
15160838
15166700
15161004
15194491
15134170
15123639
15132673
15112910
15187338
15142058
15106557
15114532
15123558
15161028
15107517
15117017
15093421
15170089
15127696
15153660
15159860
15186914
15147236
15146971
15145290
15122157
15178895
15136745
15132791
15143354
15131021
15167059
15152055
15155569
15136716
15184359
15114521
15150831
15171273
15122041
15235691
