398400
360434
430893
324399
330876
328016
335806
382037
353519
394206
386303
398015
415386
349698
393398
410616
386991
342139
322104
325845
331221
368641
393427
380481
457259
342467
323555
350640
445118
429909
320707
459892
377392
405067
413827
337538
401128
369105
387459
386101
364444
399611
349197
407186
388630
327425
478997
382371
384516
377216
405095
367082
382903
410778
446148
325784
370482
334512
391504
328842
405266
417822
398573
414486
373796
330203
366989
384851
376264
331017
391426
403565
405376
332305
323038
417266
407126
397507
333101
370337
401502
387924
416776
362706
417085
369768
415916
334250
418106
368987
422368
327079
327643
323591
426655
366776
328315
321328
400596
394836
410250
