447914358
434423229
419142536
418475981
417779543
441932342
430495075
434387235
418129058
411517747
407693427
409220129
405549212
428435787
422231111
464811207
445284171
430709731
433163243
430854172
430156526
414329505
429610779
411513525
421898224
425921298
423937745
401273788
443743690
429343948
414301917
424245384
408343776
407962540
406665412
432715201
425944298
420069045
413797119
414636184
433171431
414111975
411193795
430421956
450430078
410455119
410473150
419258681
407708762
429703434
418286987
451889414
414124100
415516742
441984397
438148176
410019807
418980964
408027557
427980705
430743429
406904057
426394500
409152735
386939832
401553639
401923029
415149284
464933499
417755851
412943853
418466201
420061607
419305860
428962837
407774095
440521540
444755015
436318522
479594977
413031612
412073658
435252441
445522686
449761851
419386758
429966723
425886160
428223274
429047012
416231168
420088188
426049469
436305730
422773869
408094241
410709289
419566582
421643728
441015014
396948439
