396449
327022
319921
422380
323906
327656
322139
332914
321286
353219
330630
324874
404985
329333
325818
324464
326483
401423
320529
327950
403490
317243
336487
325952
325805
324043
335962
322244
330216
334094
326112
325098
322189
319086
326499
321880
324748
331622
322327
318397
330212
332792
317348
321031
370519
317444
325687
325302
322780
318127
329416
331728
321014
336133
321339
331302
324995
321477
318526
322889
326145
319980
324695
339081
317789
320549
329273
333444
318262
361187
353626
333920
338708
340572
336544
341269
340742
335287
341049
348518
334525
334016
349099
323921
317976
324247
378716
318940
327086
324373
322119
329568
323353
317615
318954
332769
325716
323516
317582
327013
416743
