388943092
368825711
368417514
339145095
332963000
323892298
324793427
334672404
378996480
380010047
326440777
332102825
333127824
370956063
327186915
327243706
344226008
336160502
336914603
321808630
332328916
333274815
334349863
337954685
332173991
333044430
332539430
377470228
373095784
379432989
371846483
340850761
339976143
377763239
341732712
341761137
322414785
396962540
346846962
342027328
339101408
385218513
381619998
320554430
327483349
325308113
323387853
383757338
345146419
342744806
347515488
327339734
328035549
332462615
356842656
355120126
329590036
324618988
323750469
333156594
337349876
337898401
326633298
344125971
345194607
340703632
326401709
330330688
331755896
349740201
331195721
332172580
332204732
368758913
366943042
342346575
334305839
331921956
331508002
340318413
338335281
375752675
326146160
361747117
361672474
370541036
334899044
336442460
342424730
320264593
320937112
371843888
376389863
381508660
381243263
325841627
353697221
326622882
327745783
337144412
345585195
