406957
416535
416774
384480
444102
324884
396142
326296
395340
327175
393386
445357
524944
317044
408559
321700
406142
334730
338007
368473
365097
326785
420716
327545
345936
417395
417717
321073
410519
336931
335497
327100
413460
413622
330367
322212
375810
406208
323770
329829
408141
329085
391473
409874
328282
315708
334892
325139
326808
450267
321696
374925
430456
384428
385290
384405
409317
316269
363925
331842
420291
325946
387576
414796
407527
415717
368921
452193
401133
405493
336879
333127
389484
387760
330415
370883
320467
334996
417606
334244
416425
327859
427091
332494
402912
401205
365041
320210
327414
321452
334750
404701
367237
405137
394194
421839
374256
405391
425858
453980
395537
