410771290
397755301
398319602
417005329
357624942
418584374
427008619
422069522
423763474
384251153
418520511
378769455
404173421
407869481
427528547
402986071
403735080
400059627
358256139
360608331
426633978
416151491
392317766
381524155
382856951
418272684
439924669
450918449
375966698
423837338
422044762
386077146
415878887
374028115
360695792
361561069
398517759
441691453
416719072
377811868
376650989
384423296
414562072
353577142
420684587
420870370
369685280
425877230
383709012
430270660
422685018
424743976
404854433
424349394
416316039
428814247
401259074
398903036
419023292
431834919
389822760
414997479
385063077
384722697
411220405
405129266
447466614
389655572
442993947
443430654
403750538
435405209
448667453
430001230
383626968
429379805
430140163
446782486
428859277
434131782
417931474
418550178
411424554
391069955
389910193
431180007
425553304
415146723
358443547
358348144
387040976
454810328
446855332
403446837
438298301
438167968
438395497
376019401
361341139
362660681
365907509
