482929
428489
384628
349216
424182
412473
437696
408014
351112
371032
382856
391923
423421
414523
410055
424573
447905
319210
406816
359320
404415
345616
329675
323875
382720
381220
416004
365712
349692
398647
405558
384349
316534
328349
327822
337041
321284
342942
407797
321567
413549
426546
395409
403652
322684
324548
464918
354684
414498
421039
461356
342052
367413
323483
363056
403034
325176
403135
411576
388251
410496
403655
432679
467191
362768
329570
455346
404850
417139
418822
318122
413078
351128
326138
331520
430461
415900
361222
358850
401871
356426
340450
411580
432885
331887
433787
403952
329082
400117
418624
327070
337945
406257
431922
330447
389004
377003
405043
320862
407232
471794
