346115845
345277834
333401455
336569766
333171810
335955961
338110649
335502632
336721501
325574837
332446995
333515967
342086909
348099127
347662039
320912992
352635998
352420137
340064423
352272971
336027081
336905079
341524513
310973446
311805982
333324268
319161106
321700400
310985550
309461343
321523666
333463694
331888292
352102141
336392596
329044441
330006349
343809951
342421447
341775018
350484582
338780085
339331908
341952807
335066331
334209277
354578530
341660024
342507813
346154057
328021103
315543212
314772551
360712361
346128229
343826586
283458186
346424616
346655317
345981076
347916181
347619675
323120397
328236197
326902346
326972147
329753877
330869738
306774293
326870513
327009151
323591045
347483750
348687832
332137226
351467036
349797070
320433208
325272666
323423588
333723341
341870449
340262158
329649668
335172772
331977123
333310991
333394016
342110911
342557778
330340535
316708506
317262255
330200723
317396754
318478338
333170917
359524835
357622154
351485517
355454890
