591754
467346
414067
335440
415919
327498
323938
341068
420448
339463
415306
321354
389957
348708
323545
353764
455701
394617
324076
341908
414891
320484
323683
322737
320153
329926
419670
452636
330985
320134
429330
403458
408287
321888
340024
321366
400782
340612
416144
459018
325472
428583
409009
330986
417205
320342
421123
415373
410569
323032
450243
323415
324848
419361
408421
377439
396554
333986
341005
380839
399899
440866
450490
384295
470383
374866
411512
331089
411351
321039
422410
362899
324143
346938
397420
342825
330593
405235
404713
393487
370136
325765
387583
424791
399090
418775
358837
318632
422242
321159
359882
403540
419109
334576
421477
406130
327600
362698
314948
410367
401302
