342081978
339382891
340796611
351208273
304321011
306142161
294931094
297962128
301594438
288034775
288065079
304935099
306216817
302025836
312945623
314947156
306148172
305447374
303126285
343373451
345636372
319899297
342662446
342127798
298982691
275526863
277211510
290730574
292194612
311564387
351247345
348510989
296085947
300787183
300244056
292472389
353710331
350802771
371602090
360330820
357410517
317967206
292974028
292923342
331520815
297546358
295557364
288236991
288903657
377877518
299304947
298823106
326461369
298974619
297064211
289370314
287268730
364836589
313377861
312005367
325973073
345663432
346703113
347422672
305161494
304515643
301629442
305679296
305322805
336183777
345737681
348485073
305717970
293600842
293864097
298104263
299103468
298507208
344934600
347061634
305464254
290890181
293815283
288530169
285919805
308478779
352070998
349487236
316057510
300596473
299981659
281095499
284841046
284681324
285988475
286628511
349373587
305103557
305584387
340510050
336727940
