417483
412080
330426
318240
401342
363540
361991
319071
338376
379557
328028
385802
341606
323561
370034
321182
329793
319999
319390
369061
324961
432813
365937
403179
390919
315424
364259
414884
386013
406316
410072
325871
412388
376726
344247
318572
473310
318400
324103
429346
322274
370972
389998
393124
382328
321162
387475
402429
402042
423157
320338
374314
460741
398008
322413
429476
347632
316856
400539
324594
319930
347332
381641
387193
366778
429085
385454
356757
375403
396399
398411
372752
332144
329227
320080
388921
453963
314103
390083
317550
406033
395164
336371
341660
335814
374271
324193
391400
397379
355373
321478
384773
387735
319786
318346
322693
331699
322172
396030
401104
323415
