386060450
341621185
340288921
388759955
418026495
364942748
364253354
333718321
383410430
386406966
337106278
378210570
346598717
345988373
342682852
381467969
398641570
399287042
345077090
387756716
336933806
339211085
390605533
408288837
393768060
394123481
349170490
345401811
355086741
354564374
393494842
397765972
407309707
344986333
343153742
357939003
421969712
417502394
380526642
413087389
419172236
401498337
377183526
377089271
328148295
389352358
382908346
382952495
342478062
328437057
319518175
320461037
328046344
330609040
338639675
399345358
385545443
385540621
335772889
367447127
357812795
357256961
366198022
338495865
379580723
379921054
356089868
389630219
398880622
397195756
342460747
403367343
348015190
349213703
356157368
406714631
404471035
405242658
380185042
399225530
330021401
346351713
344443404
356318671
359832946
358121527
397678840
334955819
371755291
370245848
366097994
390229824
343326787
342871870
343732760
353794183
354627309
373715603
414959864
398956629
418121398
