393790
333326
319070
327543
323216
321399
323363
325011
320838
332158
323998
318787
320439
338918
321467
324408
330040
324346
321245
325510
325464
318095
327283
344057
323544
320546
320096
324553
319993
327855
360291
330063
320883
388161
321826
333746
321682
324698
316323
319244
351606
322975
325531
385708
317176
324414
320480
324301
332137
334813
328667
321251
326290
321541
318673
322877
404935
324803
324553
324042
329454
323829
325017
323155
325276
327144
322938
323949
325833
325259
415352
334717
320379
323814
323937
326782
320958
332017
326085
320980
324900
319905
319680
325696
326014
319915
322716
327891
318460
322890
393842
316282
322135
404035
327054
320037
332045
316483
326317
357097
318218
