371440332
355394797
357851790
326099504
328093411
328588076
331416865
329206201
330849537
329197448
326042348
326249537
361005108
355396221
355420533
337108718
331365656
333344671
335534314
358055052
341204188
341971036
322636271
389605916
390432359
330222332
378986651
323510335
323096944
374818586
351036222
350723601
332880950
357977795
354888844
366602239
329459831
378817666
379967736
335197819
319716262
320869564
343503314
335979631
335795352
354036792
332350220
330818430
331044960
322499851
353418419
352925423
342845522
318852698
315373466
317198122
352527585
353498068
344539907
343659619
344277458
326266401
321021478
319075491
341763167
333862443
333998128
329701099
321068888
321369413
318099884
371023843
371598957
374134524
322914698
325668359
327163145
322924183
335424861
336780365
342853748
342598416
343879287
342611650
324433586
326433522
341179841
359607823
359523517
340115779
315409001
316704062
324766287
351543851
325108091
327275147
320765976
320295201
352662277
322252107
324183681
