413329
323450
335961
332674
382953
301404
306583
337006
309222
351044
401835
394124
330107
335415
373995
393932
336363
339718
431404
350050
301026
352057
332801
391068
372760
301201
326411
341387
426820
374098
314054
321427
302609
401142
342431
409372
310445
330865
336199
312205
334661
307017
425797
341605
385378
326755
313786
329984
330074
338860
388081
336424
330460
349048
366501
325951
334075
344168
349702
381977
384215
351318
332548
329801
347268
381014
306381
328437
327306
338218
330348
300703
316035
380823
363330
351342
308788
307191
331194
327634
385856
351783
324825
315211
337058
397139
356812
412478
302156
320040
334009
445882
301270
317859
338728
329472
413688
347932
315860
351833
365225
