15217695
15205381
15234373
15191226
15166364
15156404
15202763
15190665
15246418
15159154
15169839
15253310
15117941
15194561
15154606
15179535
15119612
15188641
15155918
15166140
15110512
15142547
15159609
15142065
15186509
15134116
15142827
15150133
15188110
15214823
15157515
15129004
15125249
15179926
15251895
15150287
15117652
15162871
15176819
15154648
15148612
15123197
15187349
15210151
15184665
15126680
15195976
15222989
15188307
15191024
15167886
15147184
15175320
15166816
15160025
15165230
15160663
15192862
15149873
15179047
15190318
15168994
15159784
15153232
15160233
15143714
15156873
15137225
15135731
15135396
15155210
15139448
15136002
15133980
15139195
15164986
15164139
15143149
15223249
15168158
15143455
15143287
15139323
15174950
15170757
15125956
15112458
15225212
15232696
15195986
15165248
15166656
15145708
15167277
15178380
15204734
15205703
15170490
15188294
15182519
15236099
