420353
314395
305917
309235
388943
288370
413185
314632
417372
287593
316646
313771
472621
285613
336036
334974
385589
417514
372274
306144
301289
308562
313572
361302
347935
275944
290926
316034
327563
378304
317607
286731
302209
406558
319849
447727
326852
378196
370820
289294
304009
312611
413447
294294
297274
294199
345928
323200
348165
312741
299960
308010
312145
334704
300858
291741
302229
299890
314353
376074
328892
284903
245712
312046
356869
395698
286352
330632
331962
318943
306651
299786
308736
313217
322781
360845
321836
290314
308236
298120
331413
377726
292026
346392
312841
383442
331606
399407
297115
314578
301520
339664
439582
312620
359072
347667
392187
323674
341595
398541
341048
