15172622
15138375
15201441
15113045
15213750
15164626
15199605
15157628
15156475
15204481
15122029
15124914
15148653
15217465
15161799
15143106
15097507
15285902
15094499
15238767
15141374
15151248
15229683
15066886
15168327
15124880
15154294
15540538
15116003
15148183
15132502
15232214
15144315
15221306
15255269
15192935
15203383
15127729
15185489
15087578
15260928
15147881
15128261
15144767
15147719
15210245
15138210
15184871
15154240
15200335
15177420
15181717
15167325
15111577
15158725
15157462
15168303
15192046
15229271
15093759
15111954
15125707
15158577
15161229
15107517
15143651
15119641
15257426
15129521
15130295
15127908
15141940
15169238
15106480
15161877
15140617
15098594
15159684
15187559
15151933
15115200
15117004
15102672
15204024
15195429
15146619
15115991
15226646
15133627
15137702
15160059
15106895
16190206
15904272
15766307
15889784
15853518
15841018
15800195
15887448
16010927
