503180
405753
424377
433887
433211
378619
392796
401788
466645
386983
382886
401736
431092
422132
387533
370498
387983
417897
404051
482915
515871
425620
407665
402193
407712
375229
390215
378023
386828
408210
409059
460210
384829
473169
377609
388170
556085
388134
410250
396897
409941
463441
390018
370257
399124
439405
402245
412921
507655
430464
408295
427752
427577
370642
390946
391481
489552
491907
420013
417982
385842
380624
412401
403071
413106
429545
366525
486541
376867
386605
384480
400243
400060
464634
417578
377121
374118
372042
394500
397840
409154
427265
396471
390795
489348
403505
469691
412218
389943
379308
393286
395662
391801
418796
423612
390715
382425
426136
404024
400520
429913
