15246640
15181197
15239356
15153965
15157329
15163058
15221622
15113647
15181855
15224087
15185633
15168599
15130783
15198186
15159190
15201509
15153716
15197752
15155701
15134351
15187883
15138079
15199943
15147739
15152963
15130443
15157196
15203864
15157492
15200842
15540549
15195822
15187584
15205281
15153530
15154470
15830418
15321356
15183677
15207725
15181819
15197290
15160079
15215320
15191551
15208651
15255379
15178802
15197135
15214460
15290890
15175044
15186683
15125526
15457638
15168557
15154901
15137788
15142359
15217651
15171981
15176865
15170014
15159662
15181229
15163030
15217721
15279383
15152859
15142793
15157721
15191613
15143195
15227885
15152247
15232113
15203019
15174523
15198855
15195898
15182887
15164979
15231023
15142635
15176202
15142917
15171446
15184610
15152259
15194857
15175151
15192800
15243760
15148533
15191771
15287623
15234428
15168978
15191604
15217258
15131276
