455717
370362
366269
364755
390283
322182
345485
355240
412875
327526
449716
370023
371031
324651
358064
358643
331103
342980
358192
345374
399422
356785
324603
322668
349392
352452
434884
364869
397294
325040
361786
340650
324464
333239
351650
356809
441530
418901
334434
366016
417039
359091
330306
343621
354637
441085
467377
312929
396806
357699
422817
368156
327800
320765
353649
456066
368838
371827
357375
320452
333346
363033
361529
369701
406610
314859
330201
402812
347483
344159
442104
348396
332860
354344
361065
398446
335812
324222
326701
323534
395070
328364
352792
349976
380480
385277
358118
340748
315787
339135
368208
390706
437280
317056
326212
362662
365699
411891
343723
321528
334625
