15226555
15161216
15201981
15177366
15440064
15129698
15242092
15165108
15142255
15159197
15129828
15152097
15164731
15174542
15134034
15199538
15104115
15254911
15127367
15190393
15122751
15131162
15146985
15141898
15157868
15136593
15191290
15111775
15202541
15036858
15468249
15232813
15159978
15235910
15140954
15098569
15157756
15194720
15164839
15142138
15175174
15178622
15210772
15146248
15246911
15170432
15089252
15096649
15211858
15151799
15115850
15214930
15137525
15190037
15126492
15127313
15138425
15135829
15161253
15156029
15192492
15168436
15156780
15159825
15121001
15163859
15189447
15150553
15141633
15162051
15189155
15125987
15171529
15126772
15227731
15121416
15153744
15141480
15227772
15081599
15199783
15236780
15181653
15177760
15119349
15117613
15142160
15140344
15200089
15163568
15187435
15156999
15090141
15139451
15175849
15190432
15124376
15175624
15187991
15206682
15146476
