613473
465049
357805
411588
499633
453257
500774
379586
355991
376687
396142
399242
414609
368105
410277
363797
377530
475553
418745
360056
380874
406817
501471
356104
366528
401457
389090
447321
370123
353619
358625
494439
403636
401523
418908
361835
406867
357003
455142
371406
459182
376728
383894
376896
379783
373309
434466
385168
376402
375501
387261
368970
523717
379677
492529
370321
385664
386106
408256
361392
354046
387604
392658
384107
375891
361202
363296
406700
446494
357078
376673
381288
373822
396446
417336
372059
366957
506748
470679
389884
402776
466556
364863
357263
383093
400127
389208
350794
409417
403901
384142
366044
357394
372005
377485
411095
422119
359607
362192
444919
367435
