15117069
15223613
15180433
15141427
15184320
15096248
15255089
15102866
15150181
15221332
15119235
15142425
15180335
15146921
15131822
15247235
15161436
15158376
15212858
15187571
15176127
15156407
15132570
15170771
15144544
15144900
15190757
15177849
15146985
15119126
15164252
15155544
15231342
15112236
15122825
15087787
15968550
15178852
15203586
15211230
15129305
15215457
15132305
15143341
15187562
15187302
15210557
15162097
15130571
15135356
15160649
15039237
15162200
15192551
15148952
15166184
15187420
15142312
15143562
15211302
15150260
15165233
15189867
15163951
15194793
15182130
15152127
15156878
15171415
15183993
15158377
15173831
15200427
15193756
15154875
15172634
15150677
15131889
15229517
15154170
15178309
15143917
15167867
15159366
15188780
15171160
15228311
15184314
15185264
15154191
15203103
15131760
15145649
15143207
15197091
15226381
15157903
15223485
15121422
15213007
15210435
