411201
437538
356852
376933
417448
376661
462656
431794
421318
369317
338548
334296
436029
438984
439506
423673
411709
362429
398425
447232
383724
402892
408936
410047
412221
405209
324639
428794
393930
355740
320732
338609
381140
415074
374291
358222
398502
333121
334918
349910
429368
419002
338685
355320
322588
405581
417459
332706
364344
327697
398084
399471
335832
325497
400404
407733
415392
415592
425700
339358
323006
361632
516671
413597
366635
413259
372102
438515
331104
328306
324261
340822
340126
417969
492426
418959
330670
352549
321526
345255
355271
342081
401555
345418
429721
402904
364350
356274
397895
356104
425260
428192
378610
365263
403368
367284
434574
406196
430170
424069
324018
