364405909
362915447
299161631
355601508
373268093
374377410
298722232
344577996
350927190
350144177
330067397
329709694
351505800
344810109
345616730
329668069
291158992
291978353
303044266
324298151
327034713
358606787
326232401
326382871
310548804
358831194
359803122
336546995
371798289
367922817
369294996
311885294
350505519
350469412
334490776
311291473
311669659
345807066
345760127
345662665
288336759
308265631
309601030
340981020
341390701
343102690
341007902
344508330
346089380
346201655
344214908
357977939
354186773
340438092
336827810
336487077
291867067
330388165
329728427
346080365
300295221
301903362
281019744
281841361
352922964
294528307
295016083
352462459
343952522
341883646
336454824
328924393
328584621
357614246
374053460
342546259
342425954
340031577
358832231
353495045
340067102
289513268
284869072
343072158
334935591
334165398
337268690
338218915
334218884
344554381
336430994
334471200
340222104
338254220
340438310
340748277
337745546
339231042
337403980
326618184
348012844
