514462
369299
484346
445282
400968
425750
333230
384101
340758
380998
401071
433850
364108
390160
405524
349592
355152
482973
353270
392220
391577
433015
356002
342987
508129
443456
382180
350843
414745
472958
343615
358433
384871
394450
365398
348956
372141
368286
440899
384536
325542
424178
416256
382014
365529
424037
467810
358491
351142
399347
390961
333065
410939
392344
482149
363233
414001
403792
579337
374910
391583
409919
377560
371994
381112
433039
379332
406647
369865
401086
360805
405068
404286
413956
368798
387895
393766
426924
385127
480792
380623
409110
414473
445511
463973
356412
350101
388694
412585
440903
415231
372340
390445
377459
369478
390130
489471
410573
342627
396318
420128
