15796333
15817357
15811144
16005895
15863100
15816212
15962751
15798646
15989706
15858426
15768316
15899898
15905588
15793253
15848669
15815212
15987771
15803587
15842773
15816673
15889785
15810712
15868435
15784718
15870604
16036349
15921884
15814422
15826000
15934003
15887075
15894669
15859854
15904528
15904640
15806563
15790733
16423036
16092017
15912973
16003396
16042931
16037322
16057285
15927826
15933725
16084713
15926557
15785624
15792777
15850567
15805628
15761267
15751273
15897547
15818716
15884561
16013138
15850293
15846406
15817163
15784846
15859253
15878202
15824253
15945809
15864563
15935131
15778889
15845716
16001955
15987234
15815390
15875728
15830642
15891846
15891754
15782351
15875608
15796078
15927341
15773257
16013534
15900109
15920701
15904221
15826949
15812846
15961557
15825384
15747191
15818640
15864440
15879452
15817871
15772442
15872838
15936418
15826452
16059410
16042875
