445209
327016
416830
345101
422157
427630
371475
327431
330916
402622
433949
333466
323291
401595
351530
319025
367309
405144
389108
416377
376417
338421
414035
324819
392890
414901
417689
404909
322615
400548
359067
433745
325265
415111
418525
344788
408976
323446
328065
410073
331810
324189
409171
416866
430342
413474
320055
406468
418659
416578
365721
398894
332280
334988
334398
392550
424187
351224
408985
323194
322170
330785
324710
400015
406299
399473
390371
399347
404259
415067
325562
437588
361176
360927
415001
319030
408531
437409
340501
447248
399035
412455
348360
335559
401488
423435
374148
331987
321778
402334
413384
404579
424633
336299
347070
402458
413245
389855
327697
429261
426956
