341672103
330837735
330078499
319442976
321541056
326346524
317921004
318284701
324227736
300706979
304570787
316129048
309606419
310862286
317974411
318633005
310390162
295738665
298038216
326290587
332012782
333689426
337343854
323617803
324359753
337843337
329858482
332981878
334313172
338866987
335658759
353085711
320997386
320035547
324138384
339458467
337761200
333483414
327913479
325281929
336085635
352940928
335896572
337053888
329314395
323727784
323959737
320943271
327817400
326056522
332045961
325425264
322917544
313139880
312868843
317023605
328753625
324329759
335989358
332298508
332148056
340278392
326617579
326085809
329694732
348038292
346130187
312950039
334390579
336444919
330010133
315986048
315781315
310873351
329328433
329007212
334171920
328599527
326682476
333312831
321202333
320268367
346494736
330770635
328308418
320890569
317068568
315198736
332251691
342455603
338908919
327916381
342376430
341491947
327658538
342536867
345917121
346466018
334646949
334893243
333695674
