379059
245972
284623
276092
283631
236577
261894
286290
304975
234887
250388
259649
342036
248480
266590
281696
344056
244433
250379
256473
266062
263092
351027
256529
260484
267464
277160
336800
305861
248198
301026
281055
359302
233151
239159
268052
239590
344038
274936
259835
293412
285643
321449
236404
243987
253791
309381
338837
290933
247366
266265
283045
251762
268218
272718
325607
277135
245839
252178
267689
356139
283297
297179
258330
244046
252628
274025
295556
357426
290403
240448
239869
263128
265920
257151
324314
280332
239146
302835
264452
344582
260893
248944
242955
295581
256888
298541
284516
243353
263293
277431
311772
324382
235210
238549
277848
278814
315183
259016
240684
242865
