15171975
15141416
15336383
15159830
15210064
15127454
15183386
15102912
15146026
15140929
15138333
15103239
15156825
15140335
15084699
15117235
15158189
15138054
15118207
15179497
15163663
15242699
15152962
15166651
15112916
15159801
15161292
15146188
15149211
15591273
15350916
15137653
15091054
15121563
15189564
15137926
15199411
15217686
15165404
15151582
15173667
15118500
15160099
15081268
15139189
15199161
15131341
15190134
15108502
15209065
15154653
15168121
15218702
15154710
15186321
15123176
15172342
15113485
15173266
15148582
15153525
15230049
15136913
15169881
15104277
15159055
15122161
15193637
15098134
15130185
15131506
15134855
15138084
15142630
15130740
15170799
15169012
15169553
15116611
15151418
15079794
15157440
15096668
15155351
15122928
15158532
15132173
15109496
15169474
15133564
15180276
15139706
15152522
15130596
15121212
15194334
15126024
15200751
15144709
15141673
15147190
