399148
328171
324483
321197
327721
322612
326168
326230
323680
324694
323072
328790
324627
327646
342481
321053
407076
326238
327821
325149
323311
326213
324838
331436
333834
319988
327625
322762
329800
332946
326346
333257
346428
323325
324983
345661
319076
325361
337263
332041
322329
338863
323891
324810
325698
325467
330343
329770
322292
322525
325302
325577
323497
321726
320275
325515
320972
325419
325748
319695
338332
326292
384120
321936
323310
400463
322274
325956
321789
321758
325693
323348
322478
325667
321180
321615
345830
320408
334420
327493
322828
320977
331010
321077
322732
322784
330048
326153
384260
332551
360165
335319
332430
333385
339604
341626
338909
338216
323582
322345
327847
