911248583
913936047
905462971
885051341
951685725
964823241
895983370
925456225
906074540
916635686
920642208
909140473
878795721
912291148
319153819
320888895
976649423
943953911
908471846
888738802
883508828
926355678
916745617
430526234
928906089
327886199
329005202
903040036
871958689
934533913
918199358
941529765
911003654
907872279
944757885
389086763
389516375
878400884
888316779
904983298
985478344
888697081
919001694
952554928
932294753
873617978
907909059
886988982
953319473
968937877
883328691
879653341
928006748
890689750
891019988
896201513
914659776
947068184
921712746
892276895
930706419
887755913
951603739
922671474
944338259
872279838
909675949
919341124
906286278
884891654
884418306
893796321
881209273
935545417
941813176
918967996
881909582
913342634
938609573
891514167
967960884
925087382
978995482
893350850
946629902
970949700
891177011
932315988
904506718
922248131
990017681
899227789
929322946
878043455
932162007
923517024
879270848
928273443
899382673
934683363
894040363
