556404
447940
457306
420278
439007
453096
438137
443234
445646
459039
453755
446978
528325
433399
431139
427708
571230
407059
436630
492239
402497
403492
404551
481052
412590
447530
475250
414475
439725
492143
506153
436683
558260
448700
455282
467207
517627
393588
454382
432924
524233
429347
425313
450479
545241
387408
425667
465187
397198
456742
548959
416064
439625
499720
427374
437750
439660
498723
403261
409353
447551
551256
389983
400678
442721
477859
422159
428976
445693
542851
420310
421640
478148
496939
514847
422394
447224
513886
541547
477981
381262
425646
442237
505002
386340
576388
461050
380454
427276
438728
520960
431035
405965
468004
455808
426204
435142
462165
437553
444945
418058
