15799421
15943662
15814100
15864278
15857055
15943362
15876052
15782958
15836690
15998206
15808358
15810069
15791875
16066809
15818953
15803907
15978079
15998801
15834915
15782571
15901691
15911415
15780233
15891706
16048201
15819845
15980286
15810723
15835919
15793155
15966096
15817477
15877276
16037566
16114305
15799922
15829968
15812866
15907412
15867634
15780182
15876010
15955902
15874134
15843750
15856778
15761096
15763108
16025839
15926722
15792397
15835326
15909324
15801399
15849364
15811188
15890553
15834646
15837359
15788896
15989133
15799587
15904897
15797920
15893477
15795193
15930714
15802354
15956174
15884331
15842323
15785465
15835836
15890099
16053073
15792425
15802009
15868929
16059932
15941583
15838051
15949826
15852361
15877291
15861667
15900253
15868035
15911626
15774854
15807685
15982223
15864300
15853415
15970182
15968966
15899339
15796114
15767365
15881903
15913353
15794802
