633367
525494
521679
685167
503768
520907
571023
538524
493597
538086
522561
530295
512647
586608
612000
586936
552533
532964
485924
555366
515619
654202
514971
494022
505584
547332
520204
584877
529321
511081
501187
511539
546046
498504
494300
532620
528937
576550
540711
534684
515535
527212
545693
589059
475891
537022
507449
632705
483154
511129
529599
603217
492924
515052
518498
587046
564920
484383
488790
541587
642355
545493
489665
717153
579382
519825
516950
507720
502098
626986
516920
563626
499222
511112
515922
516194
555288
518594
490172
525431
532505
522022
582655
533136
520673
510660
528225
614404
526267
494369
496048
547933
519079
583413
567311
507076
488518
528279
526336
574129
503826
