15142751
15166072
15163968
15152877
15167900
15136077
15211877
15158903
15147864
15171080
15156529
15175801
15083192
15360182
15176252
15653134
15184971
15113738
15193373
15196468
15146623
15164390
15119156
15143769
15218054
15216857
15186466
15103850
15203704
15185823
15343151
15231392
15109146
15266787
15257966
15134540
15121048
15154955
15092244
15342341
15255811
15103817
15212813
15205533
15188110
15176939
15126189
15152511
15152399
15167462
15160335
15122709
15181634
15150420
15161794
15072541
15192324
15085755
15101771
15256023
15123553
15156956
15180714
15152237
15130569
15168468
15154297
15159195
15181229
15224607
15157508
15145742
15139478
15151110
15235623
15213418
15220648
15212703
15226888
15130811
15156459
15169772
15130459
15216992
15145764
15128982
15241946
15167839
15283515
15159381
15106747
15193342
15204311
15194957
15094159
15215616
15262587
15159294
15123581
15127102
15146148
