345840
252067
277487
229716
233094
250752
326994
238278
226379
229018
285674
323232
408452
223030
332670
306074
307965
232559
244086
245164
265653
210914
291659
253623
260779
234544
227461
245042
240006
241320
315922
227544
230459
235778
245114
245761
272759
254454
223941
231030
283868
244215
272476
299451
260883
242353
254654
259317
358151
223188
244048
248010
270936
243991
261548
214976
234173
288216
286963
252891
231299
221427
221121
247810
245514
322954
303151
266791
228428
234387
258245
242350
306462
259961
245743
239192
229529
246611
240722
354893
252920
246685
258374
250795
245404
324754
253078
214501
223719
252028
262785
262146
296274
231790
350306
246266
297291
270720
352821
355915
256652
