15145624
15153220
15196674
15157515
15188475
15194123
15223812
15164937
15186149
15164102
15207135
15139369
15136574
15128509
15198112
15107710
15191102
15222417
15137744
15197972
15125956
15161951
15217661
15177732
15208713
15124035
15173490
15161252
15246727
15125043
15126369
15142126
15161200
15223941
15142637
15151269
15155992
15129844
15148860
15138961
15200859
15176409
15210932
15159191
15240841
15174655
15178105
15194762
15155046
15204561
15191501
15214381
15149247
15164960
15162176
15168354
15146103
15087157
15217057
15126938
15224656
15148004
15200983
15244491
15112751
15168363
15146999
15158416
15140246
15193838
15156402
15185579
15227260
15127028
15184286
15162352
15165581
15128396
15141703
15169702
15124901
15197148
15136094
15193294
15160021
15138597
15185877
15139815
15212549
15149366
15254298
15171687
15139736
15205076
15173724
15152134
15171653
15236908
15177311
15185751
15147370
