398930
430615
388024
326886
323703
428597
342431
329629
396414
413000
408721
423160
424407
319699
414329
402528
347905
337227
358748
358889
434781
421523
471069
360538
442562
336311
419253
420978
400627
413103
419854
406527
392621
428151
445744
421403
429538
436153
455963
413997
327910
381812
323345
332897
323049
464850
332397
327211
430348
416944
329734
355233
344874
397448
325445
321668
425060
452365
397007
413295
333700
445852
408035
452420
428740
420975
397140
335238
410237
383691
347240
326434
331646
403964
394340
401488
329041
419849
333093
328466
324893
336912
324115
342679
446418
465988
385137
322413
412844
360152
416654
324161
402374
376446
435752
420592
339389
340638
323560
401345
437177
