284551772
278448812
279899097
280860804
311266037
325499827
326309508
283617552
260722218
262177889
296532636
296402638
290868396
291397368
279850222
257643331
256296884
266833630
267063816
315620905
317047041
311711523
271977553
273940000
292458711
290333940
283867658
285949666
286284305
260719002
262813749
289466320
289212958
322704775
324133975
270516735
311851936
312628072
279016085
277469503
284810831
291861289
288274209
287063091
285670118
288798870
279857692
279929193
273615587
271091648
347707553
281196725
279491200
288548675
287903164
276720106
273968453
266695632
268965760
277656423
271093609
272364454
288082362
289671406
340554655
274462372
273773033
328548277
329897632
332044940
270944060
267251964
309914033
310003575
315596244
266395339
265370716
299655104
300524957
331004385
331520961
331200336
274728412
289936198
289608162
268245952
268619161
250480837
252646593
264693454
263042098
264441292
264531452
297634365
266851366
267690933
317439049
317241352
324495914
347997603
345560730
