327432
274833
251718
294645
268766
221053
244050
326273
340251
224057
249446
255051
325560
236881
242728
257350
271358
316106
248928
242611
309670
358274
211300
228987
256032
249129
269295
269080
251528
223692
321681
239950
264664
308511
270126
301526
221646
242628
224605
250245
302047
234464
234334
235981
303946
249581
243379
292820
245834
241167
248226
242538
334685
367764
213729
232647
250739
251794
330168
247922
224767
222504
338200
265931
319198
258623
292656
349648
303173
232058
225631
242216
239217
248800
297131
243853
233598
227323
243902
276932
298308
312526
227243
274250
242449
275539
212194
236021
247871
225444
242107
346015
264843
244596
235571
248434
247125
255568
271034
354194
220496
