15225058
15214453
15160879
15168533
15229292
15141415
15205799
15144929
15171987
15170824
15190565
15148670
15159208
15158267
15182657
15155876
15157039
15196295
15195493
15138102
15112514
15160136
15123468
15152990
15114091
15167252
15201787
15178438
15105977
15151827
15186102
15186260
15145502
15142054
15117881
15201376
15146909
15168541
15167533
15135465
15227655
15160761
15158067
15134939
15206881
15244854
15193392
15155144
15175344
15238487
15203101
15159435
15139395
15157850
15152439
15168647
15189229
15157655
15235287
15160421
15122787
15159671
15173891
15155835
15169567
15120672
15090930
15246467
15186441
15152747
15142557
15155189
15217558
15230502
15150925
15162192
15159970
15169285
15195499
15138050
15160593
15158122
15131313
15182547
15177653
15135165
15192962
15159582
15178631
15188174
15201394
15167423
15147601
15134229
15152713
15217013
15148105
15162045
15146594
15159642
15203504
