525055
380128
395906
300722
455261
380917
398426
398219
478196
387000
497263
430899
276851
276791
312249
519311
472611
368650
390683
385306
407589
458906
374130
394191
394349
393259
335588
331180
501628
271661
406060
388908
380975
393314
416508
455238
407988
396486
222213
403020
404144
436454
464218
363971
505594
378600
393131
403810
305113
503718
391497
416191
372099
421844
400140
500697
455186
313371
238379
304198
272037
355422
463422
375167
378268
405734
273402
382980
401096
395079
290687
270832
280221
259445
274147
376414
263750
250013
308448
444349
384143
225970
395998
410256
409873
356915
231506
286819
396969
247932
403145
463644
546395
226612
294212
396166
275358
340318
377805
389887
410614
