15265812
15138392
15220243
15116081
15251436
15163036
15143500
15130197
15167297
15139431
15131568
15148354
15112615
15150583
15100964
15167679
15109161
15185381
15127014
15144823
15173896
15180278
15118152
15108827
15150304
15166568
15150314
15148057
15152333
15113299
15149787
15265265
15176300
15156714
15142938
15181308
15140026
15129244
15149948
15131522
15270955
15162482
15193713
15101492
15225444
15178667
15158133
15183307
15160167
15220425
15136871
15152541
15127336
15135395
15164417
15153476
15165441
15162574
15182576
15137799
15131580
15164234
15139605
15217582
15107227
15172437
15143790
15216363
15120372
15120353
15170311
15158191
15187633
15159516
15143555
15107731
15216975
15160059
15127767
15154159
15134246
15181773
15140882
15218219
15157798
15149401
15159883
15151371
15223167
15169298
15247862
15146360
15151875
15184564
15159921
15147259
15163419
15187928
15140792
15190882
15218260
