845376
706034
720611
727817
678716
713738
781955
746731
714179
702730
742893
792152
734523
746170
682723
789048
696378
799508
668741
704817
705286
756431
715645
678200
691854
690280
721367
729824
771022
699557
698793
773954
706829
697863
757124
689575
709491
820492
669232
686657
717473
750176
708552
658601
723920
716231
707319
666355
693765
684721
816516
711051
693338
691984
744639
716036
717282
676844
711927
698621
735209
706057
683469
731738
738951
761601
720981
701443
699238
721061
700038
676595
690241
697385
676322
694294
724918
691086
735139
671420
696839
711465
787811
668541
699358
712100
712593
716361
674972
707099
716509
670707
716486
722897
763468
739477
673533
701713
706663
741244
691727
