15133357
15155315
15236982
15215897
15159556
15174751
15204526
15194045
15121399
15213211
15268632
15198363
15136063
15175328
15172761
15237828
15153036
15189926
15191270
15205611
15227277
15181151
15118844
15271097
15242820
15147828
15174641
15325821
15273978
15170470
15187520
15162906
15147015
15210771
15187217
15249462
15303558
15174389
15206436
15203562
15136906
15236133
15234936
15181445
15193217
15238466
15224725
15183222
15151486
15212290
15159581
15180092
15192584
15142483
15226538
15192771
15198649
15198573
15151828
15250083
15094602
15177963
15239037
15124585
15202122
15141696
15144191
15182729
15222254
15148456
15178313
15301902
15281989
15127566
15257547
15156093
15195910
15196193
15229441
15193762
15147813
15199631
15125421
15206000
15229306
15179969
15286491
15158672
15217689
15219090
15292601
15207978
15242367
15153643
15181068
15224178
15200090
15212940
15127808
15161731
15132815
