654350
486869
430479
478801
445854
434723
434682
495336
413318
429982
441898
494878
421258
433391
489021
494663
463532
462812
465928
490399
411459
435171
433005
452506
551455
406428
427749
505886
471793
496150
421935
410544
505852
528506
475353
418194
446403
511337
476840
403766
431393
437254
453179
528641
410028
416122
417457
434043
504577
416984
434014
456234
524307
497168
477420
417248
460771
428263
531275
444236
432953
439082
433921
447830
483406
482601
433260
441905
492344
514856
416081
432120
453852
449351
495317
423629
426528
438758
524066
473419
483347
413132
457310
445401
480528
435070
409301
431042
452427
442042
507922
468487
396960
518814
490877
418812
473958
516544
432579
434946
410151
