15159044
15197522
15144643
15150401
15157056
15169016
15144971
15172861
15130254
15137194
15159149
15127544
15173894
15166758
15130114
15130093
15217251
15150464
15129682
15120516
15246138
15116959
15141487
15073486
15159443
15175130
15156152
15168937
15109596
15190953
15166030
15165641
15151190
15192364
15183091
15411348
15164298
15156494
15175130
15178692
15188124
15173832
15131627
15186367
15185388
15204445
15181598
15196743
15113154
15162539
15172342
15181110
15172417
15167371
15163849
15183710
15208287
15104678
15150951
15162179
15157572
15186931
15165918
15177234
15137604
15156042
15116638
15152559
15163850
15130220
15148909
15183828
15170080
15124732
15207425
15160913
15157820
15176753
15170687
15165640
15142166
15196767
15152369
15205734
15135715
15111885
15168745
15205224
15163752
15145032
15077075
15156773
15073175
15255079
15089088
15126043
15108685
15100678
15134166
15120952
15215173
