537432
407245
365741
330860
322111
386564
377815
380231
435811
322357
393406
461694
380593
428751
333921
406401
383386
319397
345009
423888
428531
322807
435753
420468
420507
442723
323296
421522
420833
420861
399681
359439
333759
331798
363914
411290
414981
433492
370436
339581
446978
357359
369751
326827
416368
414670
337743
408001
370558
404351
433748
418774
394190
394546
323946
468883
397044
432528
427179
348322
429330
389775
430958
406502
436636
420336
422091
430653
415581
417707
335647
403885
386678
441868
381334
414112
360990
413782
417548
398614
357672
432672
376602
398579
426388
330590
331612
412096
439604
339648
317821
398809
388714
400616
391620
400576
400018
355573
336488
381947
394052
