416868167
418576460
418470792
399837692
411436049
402553767
369398966
370527910
373419060
415157386
404578811
420116359
367390382
365724308
378744731
418791633
409237459
410995740
363122660
366101223
357988760
357285466
369367020
377875870
437235776
413984871
415855944
362238301
419492039
411498644
427963009
377627788
380408221
364822086
380266463
406833477
408263161
363785161
431685382
388590624
401627872
383029086
383550972
423892803
423059667
404837056
401442875
402069092
399198177
374580664
407485639
361116335
363238125
406914291
380056953
375755444
377135867
380819262
371221526
338262229
340937797
378357608
392579945
437194398
425013408
429250578
430569120
371007101
410129027
427854405
351948207
355343598
388705107
379060636
406041809
406926743
409857726
413382224
391353452
405461458
369538816
371263354
353342601
371309954
405233433
407122204
372225641
384683020
415512842
364907843
363416715
385472884
417040159
405038447
396104790
395926861
413293839
418928713
415483758
361299155
363946641
