859338
840011
730616
803842
749353
757360
820731
749279
711403
799411
754303
758744
750598
744928
827010
747918
707976
742873
740954
737199
703688
721777
742156
735803
709340
715841
757852
730694
770661
709217
706369
831197
729680
855424
874035
756619
756538
719333
732098
764862
792427
813041
759882
783327
782017
726683
728473
761780
763626
701338
751171
734084
771841
847602
714634
721582
749082
790352
700133
713353
742087
733768
770914
718617
713792
809815
857993
829101
756857
735712
822798
700846
763123
735475
823812
754073
708741
764773
762480
834963
718392
727692
738934
772075
720373
792236
810885
895426
852051
775240
759062
710520
756469
704936
743381
749030
835880
845239
752482
739064
754483
