15200079
15216708
15183972
15138188
15278353
15171694
15171329
15101469
15156806
15179124
15203185
15140255
15139269
15138576
15178362
15206439
15128651
15209666
15168863
15151762
15137864
15151127
15172532
15231740
15115813
15161834
15217407
15776955
15141214
15180362
15100356
15181141
15134622
15265265
15168998
15143883
15132938
15135668
15125699
15086409
15143260
15127813
15197555
15192310
15225958
15163842
15161026
15151104
15126873
15215355
15172373
15168928
15234494
15227256
15147015
15181631
15155564
15225286
15151979
15188280
15124052
15260391
15216920
15135122
15168307
15126605
15173861
15122232
15176920
15176298
15150165
15163318
15130624
15156620
15134495
15218538
15113215
15140955
15192394
15129116
15137222
15132450
15152190
15133339
15157981
15079083
15433686
15306931
15202595
15200971
15210569
15197007
15243080
15204690
15191537
15160917
15192397
15177472
15115409
15153966
15220585
