486752
359429
362819
368869
413282
358551
469561
381983
449861
400627
368956
382321
450081
366791
373718
365613
442871
350571
359322
338851
367903
373917
435641
399667
350869
360680
373259
378966
377845
343394
355219
413537
417932
387944
369982
386934
354297
435646
369132
477423
368026
355981
359967
360173
373237
372695
515337
344362
376774
404182
432750
421658
355893
360694
371520
472102
382550
381158
344090
368128
377815
375399
392540
379704
450971
377617
364192
463222
372722
341744
343169
382785
379781
452670
370119
341251
349419
368883
331744
344186
359369
363886
358196
435780
373019
425957
368148
366408
345248
411039
364380
448946
400414
343977
355607
374923
366446
400332
339289
371350
364191
