15214055
15188372
15191223
15195896
15176822
15148249
15178454
15172717
15160009
15197629
15170977
15195056
15188694
15226177
15147926
15207782
15199583
15149400
15176853
15237618
15154646
15165366
15185080
15138034
15210883
15142349
15160103
15099077
15120631
15172598
15183372
15227185
15128287
15190769
15166156
15179387
15194401
15183870
15186341
15165116
15269794
15164821
15205306
15148448
15193075
15174287
15130773
15223180
15175781
15155071
15154097
15179012
15126959
15168034
15151701
15102303
15145436
15135511
15228548
15160567
15183196
15127324
15143171
15128601
15192655
15159177
15136420
15233970
15089427
15200108
15149000
15128139
15114425
15143163
15224993
15137236
15296841
15125573
15255015
15155463
15340432
15159901
15187189
15188980
15181185
15148131
15272274
15144016
15249496
15186491
15162302
15193410
15154158
15158706
15181481
15261472
15162570
15200041
15195584
15189589
15170196
