606394
486248
534496
515110
533233
473353
526538
579399
574523
481312
560925
526885
478141
516300
529288
504879
497890
514082
575242
528164
513989
478196
487986
512723
651636
497554
487394
532283
524098
594044
505553
485961
498897
496131
556562
486849
491164
490052
502887
533293
537467
522062
480825
499256
505203
567231
526325
498399
499673
526566
544401
483254
477939
493043
515040
521966
625785
565979
488963
499687
473604
567286
498588
513264
523470
567343
492811
525251
515245
645124
504420
495484
523549
517754
484012
608985
521961
492284
588870
507333
588879
523790
536868
478324
487983
499255
517236
559150
480253
500335
516015
578891
504652
474192
499119
516796
597735
554284
488734
522132
525981
