15135267
15121555
15151757
15181965
15124834
15145592
15192149
15168517
15188996
15106133
15185274
15098134
15161306
15191707
15119974
15092443
15157410
15187204
15155403
15130995
15198445
15116605
15165124
15120614
15106062
15141718
15133621
15185108
15145591
15189612
15129157
15158632
15181734
15203058
15125291
15106994
15151054
15111427
15192607
15108722
15144371
15163168
15174498
15177283
15211337
15138348
15140064
15165664
15175627
15161987
15106242
15171404
15143326
15179835
15119948
15002381
15166298
15164958
15100737
15136847
15156197
15125873
15208411
15144017
15127812
15164035
15162181
15142400
15135734
15112789
15110053
15237951
15190086
15109542
15085627
15260103
15162114
15131466
15140914
15168818
15139359
15099606
15143088
15173303
15155452
15139130
15143411
15192854
15153088
15178585
15176856
15102321
15192654
15146979
15177597
15163165
15130278
15134224
15208398
15160721
15144737
