613572
330974
404084
464968
400854
437354
327420
423846
335355
452995
366439
416767
344657
324313
387060
333234
411815
423479
403958
336852
382923
344649
420471
436569
387421
450726
413275
429010
339411
327197
446202
348400
351402
391264
374854
432266
401238
371790
434281
407522
454627
326566
334821
418551
424210
419842
427445
415983
431786
371563
359550
329175
352094
388766
385345
486602
430260
328129
402707
404863
418183
320767
344375
394896
437321
395283
356449
333654
330959
476893
410685
334480
443020
353907
334511
388202
321882
432319
408880
431122
465502
327759
334015
323901
410589
347284
380674
359334
391194
405067
362900
426783
333061
338580
409607
394744
400061
418700
381202
464674
426247
