383862713
375969848
414689843
398472612
372659137
374452278
376110965
422166889
368871141
347552013
389509590
391048818
392383714
383857053
419874953
349971619
354055800
362944489
382155550
383966982
366440429
366376858
382276942
385772447
372933427
446041441
407604455
394411223
364777059
365343087
389746066
417378413
388759354
392010404
418087439
395729223
390502813
387046852
381017297
380131670
377239929
396398818
361549543
362720153
391194738
379669590
387268682
388081034
374392534
367531592
363204926
363722767
396795725
401986913
383418249
428409951
394146640
390734184
376648171
375394560
389628680
391346251
402464234
385151016
391569111
399748576
401217882
368491779
365474023
378691113
380944705
403179102
364877506
370973029
391358000
391536444
432213277
385023385
410199024
395944231
398276431
414661261
375688568
437033109
376709906
389779742
389654009
376099521
378493151
425358419
431401115
431717895
386823373
366517401
369655917
373223450
372794637
374851339
380699720
426332781
426937090
