408839
324176
322674
329828
318959
321538
324407
323623
317335
322105
326979
320317
319692
323607
333306
317864
325709
323862
320243
323267
328210
318556
331846
321328
315185
323586
322783
324020
319980
326488
331096
400698
328008
325260
325949
321065
334658
318091
322157
354498
316909
325684
363963
319980
320075
326069
324864
324233
335238
404853
321910
327957
322504
317899
322979
331223
319861
326449
349816
327805
327192
361077
316434
320319
324771
322541
326994
330759
327266
426219
319903
324640
322508
321084
340776
324221
321897
326363
321616
337112
323475
326540
322671
319221
325629
350013
315465
325872
324990
319856
319344
360902
317157
326349
354495
337348
324968
368289
326373
321613
331590
