334593437
331791470
317618193
333812159
335788834
386659821
339863764
383285034
383544111
338737603
337854571
329310737
329970539
353717228
342983376
344402546
326884438
340956783
342223406
318780077
327946601
327732126
325200940
325993978
326100874
342125790
352450347
353865912
334585395
399901488
332827590
330454459
327840207
376470915
374090040
343499813
335587483
333395633
336829252
336477068
334301598
328197351
347513238
345902950
337216343
340741590
312741492
313650572
369225321
338637678
337039023
378269216
338279934
338442216
324655572
345978621
346091086
345751185
328828632
327475912
335229893
328112869
328283206
385419763
331333407
340731564
340516311
397215350
316619838
317049061
327458528
325095902
326222144
334598725
371969221
370803694
322959551
346999832
403261375
403976602
334441934
328382192
378720124
377170392
372440583
330439393
328526930
335920050
338018221
323507381
324906832
335597444
332554338
329113111
322987749
322336602
320470779
326042131
327467773
380766798
328998670
