486213
320977
352496
406982
335684
364983
325408
362817
394903
419107
424937
434390
388904
367590
440168
345895
417954
325884
369725
392155
380124
375736
361732
352739
380622
327523
337643
424185
363035
422431
327891
330552
385684
378638
414811
368226
409136
393184
429119
382878
368810
328659
326712
336064
325996
347556
378150
394465
395083
372866
341462
384719
401107
390910
363014
404889
486660
354721
399845
323030
326892
423952
423086
410279
397533
377741
402485
327339
404287
341101
396845
389075
371566
399617
417471
413574
386484
342541
329513
329061
429943
371926
396660
417800
400730
388516
323213
326028
421979
369043
435307
463277
327417
317719
409131
334064
415070
374501
419864
437678
416346
