444960273
414834065
398815601
401548152
471116160
436590985
430915294
435261312
445343629
464245534
476920193
408119550
409468326
407136776
450010242
456733870
427500592
493588451
420002131
426670686
412345993
411419518
437939096
433951645
445919015
426019650
430996113
442639390
443050060
482383042
468540894
448910957
438867854
480851207
444675289
417598237
430268691
461615390
414128359
421676922
421566519
477422155
446994681
455667205
479190587
418613660
432047218
468092940
411751496
410321857
476800722
459330221
410265122
415151791
405504451
443832618
441053970
426564906
426841117
449461393
481460866
435794556
437407910
466326317
439705891
426542759
405772697
408631586
430466468
414247582
424741454
421851889
448929283
479477320
453807643
458876072
458292186
420274058
477791006
444570871
437776815
421031379
398813372
444517201
419365466
417837013
439602121
420799253
419198757
463660636
420770183
433151112
428513758
425261880
464993191
411157636
455623547
411553930
461629861
454912546
431268285
