397763
320073
322148
322967
318576
323707
317998
326855
318189
320836
322944
318448
326536
321578
320022
322522
315572
326714
321852
329565
323880
320731
325953
334529
325938
319139
336179
332949
320698
353377
321519
314572
324400
329434
351233
329673
326541
323660
319277
326099
400633
411374
323942
317836
444717
328930
325361
324803
334315
325357
415588
323073
320330
318668
349057
322923
322168
322753
331302
404985
332191
330162
326046
323880
325235
324945
321867
323345
322018
325711
325820
329313
334297
324369
325391
324286
320518
323212
319938
338734
334292
335726
321397
325550
345142
330225
323633
325270
318486
331259
320369
318641
322552
320197
374355
322969
320223
323987
319946
338114
336604
