322549937
299008436
300421827
279112444
280857672
273288940
274478298
278351838
294930390
296755150
294783633
296774329
292572576
297667857
299406533
301077049
302675018
303458841
300817041
302756659
271323155
273891604
273019052
274601572
297919250
298448253
300535714
295454498
297141779
295966034
277545303
279514002
283721462
283372821
298059962
298704400
308973552
293934464
294811062
295274786
294231192
303584470
295328576
294965359
289857390
290359872
311930984
289970872
291104167
305849754
303783313
296581858
296817777
295837296
301632735
300600016
315455886
320306351
319627528
312147861
290917950
294037558
275803059
275333693
308464475
290636851
293112592
293978886
294315111
296975665
315390377
316524424
293507325
292705648
297590537
287032470
288932689
272808813
272805090
289987147
289940611
292856485
296120191
297001480
307485849
307624050
311776730
300314620
301769080
297036160
295851433
297784338
291723459
289367820
295079659
298250675
298260557
286835382
288412684
294718208
292771545
