459647
355535
326452
356408
300257
313548
308681
325898
279120
298203
301542
311521
345125
325863
308902
343194
426018
408059
309541
369080
327313
276064
297619
285903
303488
312150
325848
361043
328797
288818
301367
332025
332216
370365
436841
271615
348835
365225
298693
302087
309371
305006
302102
406308
442224
313949
315015
322360
380924
297149
290720
319005
310474
412704
479246
311931
292573
327704
313753
382177
325570
298316
290511
295299
310051
324003
407788
312980
292827
288290
311959
425621
379123
326028
288493
319600
336694
343539
349478
446759
403072
334787
306990
304447
314369
334595
389425
290219
317452
310690
327896
403067
300552
302626
308713
314063
340842
386932
319980
289879
323375
