15142237
15224644
15157342
15240336
15110473
15201214
15142089
15150638
15128185
15175618
15107790
15102823
15113641
15107791
15202747
15092199
15157728
15187735
15154846
15113909
15157636
15164668
15185458
15161264
15123655
15132782
15076792
15188472
15318784
15224515
15181978
15347623
15122596
15143047
15125725
15184371
15141994
15202631
15137557
15239013
15155599
15172344
15142404
15133321
15210849
15180195
15151312
15100615
15247568
15132685
15229547
15123246
15087891
15120674
15111082
15128415
15155905
15245441
15108069
15162994
15161085
15153734
15141444
15140139
15138651
15107518
15185506
15144823
15204674
15201586
15164292
15196333
15136185
15181820
15162293
15216692
15119116
15134455
15131607
15172045
15171706
15108504
15157775
15161103
15196664
15091550
15095857
15145384
15147308
15211212
15169838
15227722
15142076
15192468
15127192
15117300
15178436
15155894
15165339
15124556
15189788
