372613
244233
254909
355645
286354
231874
241516
273719
221117
232010
238596
248225
255251
218073
341637
252329
432990
279386
258380
272427
289256
252903
295714
224364
237526
215061
229281
248044
258906
284087
267994
322396
219305
224595
246940
279121
257839
372505
217312
248638
244493
251589
436887
229005
305081
245184
468586
258192
302446
296381
257456
252498
247700
311089
253515
268984
225049
264608
286106
309695
328189
300402
265860
362291
255500
425636
217648
290324
336308
230395
305636
241912
297947
264744
210671
237531
230928
342307
335694
230619
221491
256144
249527
312361
325291
220710
346156
247212
250720
346965
292646
316978
216026
251924
240294
425101
332773
238868
234947
250056
367221
