15139963
15146249
15203007
15165822
15198873
15158413
15220994
15093881
15187014
15131334
15175299
15133904
15217064
15111655
15176862
15154793
15158259
15190819
15140561
15197634
15134544
15201122
15097331
15212465
15139938
15212337
15185584
15177414
15147851
15268666
15252870
15197389
15107369
15238469
15150918
15216936
15141879
15126356
15174053
15159086
15193661
15147068
15188423
15115787
15200705
15234513
15180280
15180308
15158766
15198158
15166882
15195460
15171752
15217481
15170530
15116685
15168146
15141590
15157396
15156662
15188087
15196713
15250917
15215673
15108605
15533087
15147392
15130923
15135399
15093802
15161018
15151612
15167364
15158348
15102327
15114294
15143274
15168297
15152845
15138424
15142305
15183707
15179729
15170498
15171238
15145507
15182189
15196883
15194869
15133356
15203281
15182177
15105886
15090409
15161666
15131016
15198556
15192509
15221335
15198033
15187466
