423685
419398
328945
339086
402266
394550
319762
377563
351027
323272
320844
320434
391369
332887
363105
323008
393688
329396
330761
320046
325879
399475
386751
434360
397859
361737
318150
323694
328450
397192
332246
320091
382028
393922
401056
346650
379370
319703
377653
319471
411269
383563
368129
320623
410591
329236
440896
366738
404978
372199
328260
349455
398929
376150
340654
423186
329042
376598
326825
337768
380675
393455
315115
361626
354923
390533
330342
364059
386592
322230
423439
370886
385461
410894
325537
323161
323291
387942
319665
402597
389394
393814
358820
411715
373352
359658
405294
352033
327235
329617
314848
323513
363140
371371
324395
325960
403883
417385
388419
394884
399438
