323223488
322802892
397596765
362529604
367452255
368504495
353274874
319466445
318236832
365202312
313020890
311612377
325405299
363701364
364494410
358549590
343877323
340237964
341316215
384580568
326297202
328170127
341223382
362338680
362414497
331557568
365587735
397505594
394394535
334953529
318227927
328018474
327971065
326656132
328056490
329765846
316320241
344380440
345703768
332700978
326702288
328008861
316907896
326797291
327250864
315915601
316562663
316911971
328645137
309769489
308233781
323494748
321679067
364813147
371255534
313549866
312814857
364816666
334016024
332422592
340562438
340198485
340680777
365836031
357934804
358420934
310674081
344206426
325357923
326865935
323506757
324622944
307559918
359274722
361185814
343565585
337260792
355424230
352663511
315292641
304258723
301452710
351740224
333317077
332319154
384642001
321289663
318571687
322756300
305634060
301609176
343108516
347043385
341810159
382980352
393317370
334713331
333028477
327732999
335754667
337469859
