450122
349969
358361
420265
361764
373933
371248
401586
414853
335238
358997
412039
472172
328767
383631
364218
412728
351709
330320
383617
352190
350169
337588
347170
328997
361572
368069
416879
353038
321626
345877
352689
338691
436884
336391
337725
388472
368418
410382
397901
312129
349369
378225
365924
423531
395981
313882
347315
349622
368292
403320
352252
336146
364703
357402
393748
351273
333188
328234
396954
348513
463776
364753
335035
359937
347897
358153
414096
388906
440592
367262
329326
341797
346217
359303
446673
344153
345139
360332
373953
432952
324301
332784
351794
379308
444611
364513
340053
338955
362936
365766
356476
402005
358136
348897
354832
439749
384304
363009
355331
357420
