15160497
15139637
15245065
15169172
15360602
15223623
15200641
15194360
15219684
15201231
15259428
15191595
15214427
15152546
15174342
15174039
15159836
15261688
15256048
15178892
15214711
15168609
15226169
15241929
15139068
15187217
15167395
15184997
15273647
15213709
15224311
15155656
15169170
15198403
15123816
15129782
15190557
15172570
15187672
15141549
15165555
15259642
15129555
15203174
15195402
15242194
15216292
15137502
15201275
15224402
15274348
15176342
15149980
15186974
15197980
15235213
15180205
15228863
15219790
15209134
15198110
15087871
15243625
15180447
15212457
15162220
15184354
15164191
15160092
15268707
15188773
15236414
15173543
15193290
15173699
15130973
15167645
15209570
15188131
15160261
15186797
15192952
15220281
15140668
15192625
15144000
15184707
15228945
15154389
15202934
15205285
15239868
15161777
15202057
15203269
15140648
15195020
15203114
15162378
15153813
15205098
