475451
387035
319312
390933
319272
360249
322865
404487
374627
444572
330069
390903
369296
378562
347970
407870
326847
335671
318971
319375
393121
334277
381004
388010
395326
386752
379931
356252
330253
371511
330207
397099
316951
404417
318439
378168
409932
339735
368223
389476
473419
360239
364612
328401
323242
383310
416089
394129
378589
319132
430609
318143
419508
381129
321738
356980
322122
355011
319706
369214
321118
385169
321305
324453
347843
332321
320242
326602
362927
389978
331598
331012
314843
333586
340357
442884
396062
412820
364137
379604
392201
338510
323400
411456
375921
316849
409036
356670
370772
336888
328283
361815
315416
393552
321027
321759
318363
391049
397036
399280
405118
