367389505
356413180
356327004
358645119
350854630
351383814
338373304
359547324
337367186
337579895
362029103
360504874
360279749
325212396
323493600
324110991
348699990
346586025
348092001
395415334
338765525
372056960
370800875
316402202
366301524
339395428
339345922
354262218
313435782
315022346
345298965
338341508
338526620
356449728
347101350
347391082
324272079
338203222
340424471
336369293
334420492
335227301
338239589
347828657
345184969
341603173
343706681
342658623
344458567
355267950
355917562
357081852
347206561
340334302
350587178
350080734
367424181
359466544
357986973
358718205
345692375
356991779
354357268
332028679
347218466
348635785
338663878
363628243
333539716
333823111
339825161
369633100
370064665
338991983
350158642
317895602
316545583
363647385
347104151
345252600
325727862
337131199
334239599
329154397
351089072
349029933
335926833
348162213
347513822
353766766
344774374
343516182
344123229
342812843
329469757
327385828
333952497
318112119
316569574
393898965
342945190
