557601
537584
495524
446790
474953
417776
431331
416409
553959
458358
554352
455221
442790
515194
437141
445308
463749
555445
418921
438785
495862
434618
415111
419250
436098
431734
486855
487068
418440
442538
451092
512583
445188
413061
472573
397100
401321
434257
410944
454571
480938
538461
394831
466509
527674
494301
422512
415822
439127
426419
436523
484065
402614
419564
445624
453039
445993
412217
419291
416573
430730
440691
462923
409752
422313
430921
432553
502626
576396
402858
421107
568587
447095
497532
407745
422830
435964
472437
496793
415445
431850
454965
530321
469361
440670
416195
432190
444781
498279
472209
434865
444396
442301
513999
435051
416210
423844
442220
458819
561486
428561
