15147067
15192328
15181700
15143923
15157637
15111280
15200716
15091007
15297370
15202489
15147409
15141843
15152555
15122680
15128329
15187241
15139688
15201594
15171766
15147190
15200127
15189414
15140996
15194847
15155511
15202295
15126581
15149877
15140178
15219303
15183399
15212172
15204559
15195460
15224485
15313685
15191557
15134837
15163612
15129418
15096649
15133716
15126577
15156203
15219352
15145102
15220234
15147531
15151353
15132200
15154382
15128640
15115899
15167705
15164921
15172455
15107969
15149395
15159240
15168639
15148910
15121249
15138220
15091598
15151011
15127259
15151192
15137467
15134441
15130809
15148913
15232524
15160622
15214153
15166006
15221546
15187279
15184175
15144197
15129336
15123606
15161160
15133714
15120103
15140364
15148164
15202079
15132738
15141753
15151809
15146225
15469509
15198355
15182914
15178763
15237537
15140739
15223192
15180837
15162116
15150274
