493109
387689
401482
421858
380587
356953
405922
518000
453521
432017
383859
374147
402724
494111
398992
449991
369037
432791
340394
390378
402352
397676
411851
409964
460430
369905
389632
388972
480484
405451
371038
423468
412908
399547
395093
356603
353786
407295
371347
383335
432704
389846
509573
347348
355088
380919
454753
453737
363230
391291
428420
515137
344020
370494
431987
370317
450303
384747
368343
343815
467109
387908
492501
416035
405009
375931
420355
422764
426597
483875
469496
390836
479742
407733
366187
399306
378234
372698
409537
409005
435652
379084
392581
378974
426161
436738
421834
489755
380119
398918
396077
492249
447413
377217
391243
404014
515671
480044
391175
405407
459167
