15262196
15161846
15203786
15161633
15165317
15149871
15171389
15171105
15236032
15271884
15116320
15169732
15175721
15148340
15232991
15198120
15211388
15159507
15185330
15156029
15184007
15140402
15116530
15117571
15128608
15188617
15129550
15146491
15216664
15137890
15207985
15208742
15115836
15131830
15125339
15140992
15127515
15122621
15186197
15196951
15228539
15182850
15129163
15181505
15183914
15237337
15160950
15188406
15133077
15210369
15281022
15132600
15197309
15172031
15179992
15152750
15167954
15163166
15189922
15221255
15153481
15168448
15150573
15200351
15174410
15223536
15178626
15145557
15110471
15075131
15215611
15127816
15179069
15122157
15166406
15164475
15196815
15156233
15106468
15172322
15144467
15242062
15153381
15202173
15127979
15125545
15218666
15139291
15168686
15213550
15244424
15148671
15173186
15126928
15176779
15180938
15131127
15192415
15248753
15161419
15114715
