401826
321794
324223
322954
320301
321066
322833
398238
328878
324745
321087
409700
327358
339684
327300
357890
325515
328495
413655
337239
318207
324744
322447
324947
320840
319267
323862
326239
320055
324640
321770
322934
328080
326132
327181
360297
326526
323320
365546
323151
405592
384529
319358
344899
327920
326891
323044
322325
339645
324164
324472
322122
332280
320269
321534
326990
329948
330583
329152
324469
321031
328756
336553
400467
328194
328675
325002
325008
324456
329673
326539
330786
324226
340209
357301
326280
338070
319180
324208
323226
316907
331121
323540
321535
331784
332161
446128
353896
320320
326480
335860
327068
322871
319232
321515
323109
318484
321385
328915
326327
338472
