325669487
325028273
324625464
313538549
315767522
364038335
328958791
330834730
337987427
321396373
321968404
326983878
357979985
359329238
311594544
324158411
326142300
344686434
356111537
309684767
310837197
307534579
309667424
314047650
309680234
309401055
313472077
334832463
336626813
327842928
321020834
322149788
342070327
301358496
302809624
330514460
329278851
314426879
358693607
357884725
340921910
313499946
311881744
314546155
317126484
315992030
342812530
318057863
317351765
329280862
321096106
322854544
322786600
341181708
342894468
316317807
334476384
334439884
324869199
310366817
311857096
312147716
322011541
322945800
349774285
325781748
325278687
335855211
314986837
316377463
317851703
316821599
332335357
339199518
340032055
330868832
314545033
314393812
312479415
331564946
333204288
301023291
316932901
318492094
307058337
314147557
315688410
313008984
310345380
319230091
317627264
316180415
333713142
313132623
312058516
307541362
329175235
327527994
325622344
306347629
307565571
