506715
363290
434234
369662
349632
394814
370405
494430
337484
366190
351849
493511
442720
340857
350696
417487
446083
362255
371807
412161
484233
336386
362167
358762
378852
419348
393194
479247
443618
385957
400311
399204
551695
372285
363425
347193
413750
383790
413524
419535
369097
367351
468755
387840
347387
401418
429024
357027
333795
364319
446087
434889
435525
336123
348515
361485
372403
383272
356077
350975
352051
456773
373695
338930
357455
335956
352952
352842
381068
366317
420121
352052
356636
366136
419358
416026
330465
332992
383342
343819
411786
342096
451900
355506
339293
350033
354855
400489
367212
381011
370256
403511
367000
342842
332883
343645
349750
386984
421498
332455
346709
