15189695
15169995
15191622
15226651
15212463
15243261
15075375
15059760
15111072
15154430
15124771
15152559
15211765
15145421
15270037
15166314
15162144
15124160
15145108
15132759
15154448
15162532
15172074
15149097
15110623
15166841
15068342
15291392
15242725
15283941
15236721
15356719
16793556
15238783
15142379
15203303
15156418
15188305
15110162
15195928
15266411
15237339
15181912
15225278
15188160
15131114
15169632
15145533
15257922
15157269
15219622
15093429
15075883
15139641
15169889
15187432
15119208
15176100
15087175
15510540
15136824
15155129
15113322
15142819
15187199
15124474
15182351
15162157
15210237
15108536
15220177
15148274
15128788
15163541
15085070
15164637
15126407
15211552
15155697
15117293
15114908
15211400
15153007
15151019
15169336
15151837
15179620
15129120
15142355
15252781
15349011
15185731
15189187
15233235
15180996
15236353
15233501
15116262
15162680
15141764
15159629
