483468
427341
453144
420656
402225
324171
391661
330487
384337
406761
326076
383439
400556
402165
341943
417010
427832
397946
321233
372464
328340
394369
348177
413724
415905
404168
398879
323770
389136
441627
384347
405675
393906
319311
381795
321245
350763
372301
324230
398011
454730
431139
336998
392172
330754
370320
408328
324944
331284
396855
322968
378330
497060
370282
329728
371806
326823
376983
438342
347228
424036
330178
411136
380296
333629
377529
428358
358330
324570
379578
330226
422072
323934
346863
364521
384707
399018
352668
328026
335267
325070
398652
334697
345942
426610
324100
326385
413992
377737
328253
431371
339331
383086
330768
392567
377209
391210
333398
326926
422457
326519
