455349418
450943933
444056640
444055963
448186671
452631272
448681667
447288116
439978576
455973163
457532650
456491157
486357556
477949022
454738722
474613447
476397450
470540580
448501599
438409253
457353846
461226248
453184955
467822615
454872101
459450787
475654119
466989006
440609551
448575341
448698089
449911822
462176712
432393682
466455770
436660364
426074620
452534026
448508374
440434719
460033746
452834850
452869180
443678845
450571629
455060260
458072593
448521181
440326766
474055248
463800959
427037145
454192101
456125672
464631391
456359570
447237505
453646906
461407747
464515882
478434125
463298672
471813732
455244499
434650897
468167192
465922365
459674453
461609711
471217743
448656892
460038946
462284234
446363981
438471954
444713406
454932514
452084043
443930174
437416181
438228813
466698318
454348816
440137227
467851322
448704856
450413089
448268305
460432346
451165996
458044251
464858656
467786207
467533199
469109535
453077175
447810545
464322461
441177385
453920299
432794441
