525795
326694
321723
322772
327894
336831
399154
325306
322650
316862
326431
333834
328304
316785
320554
320555
324389
331183
316283
331200
321529
318116
321906
320879
377345
317459
329214
328114
314023
321394
318108
320521
323154
322862
320246
321311
317419
337040
322518
321701
329541
327693
319772
319610
325440
326008
322398
334801
319645
328218
321558
331023
324892
321418
417303
317086
326356
324045
322464
326347
323318
330060
320098
403601
317704
322133
347977
383192
319289
321494
321026
322252
325181
320608
343572
321581
357430
337998
349542
324980
335450
321642
315390
325917
325515
400978
315494
314872
322440
333635
323268
317487
368531
316591
320339
324685
410460
322864
316458
320159
328518
