299159691
296205133
309152995
267243676
269286721
324950498
324657506
264592386
304379177
304626850
258205748
259497830
261431161
262321938
322512468
296902431
297398110
306857136
307028935
296179802
295382066
296667245
260825939
261852733
285942109
286549415
257009847
258000836
259088727
261079021
262248552
255491995
257651573
260682310
259243483
295214201
296692463
266609602
292111149
292765509
301013666
299720621
249000998
250615867
267025915
265550318
281657706
284351699
283182010
301321639
301826438
266109776
264893698
309475071
257411642
256687107
311519709
312487539
256597815
256945222
322648712
296097534
296571633
265209091
265693076
262214678
261135362
263979802
264405526
261250450
300664772
298714552
259181051
259708204
261513705
263053552
308071047
308978829
305898705
264025560
264825491
302155596
301067438
249914762
292710034
294232634
270578784
272000084
271248226
272317460
259873602
259815076
262050794
261071020
272197871
290805164
290440172
308828769
305757498
321163955
263244108
