688824
601610
621159
616947
739840
604687
644897
707534
606262
620942
639386
637187
622754
619630
644781
698607
577325
641983
621961
772152
594283
633029
581413
622176
585019
597877
697387
612105
671269
621142
607553
616560
682004
609260
605506
571541
650273
608410
627137
669079
588891
597510
695118
694827
663838
577449
617117
608139
655053
584268
610416
621498
626874
693342
630203
582802
616455
698755
703963
619029
599185
585734
634107
629312
721526
627348
600622
600771
617852
696847
618213
604014
613358
665234
642650
586401
594065
603621
631858
688903
599971
605734
618277
625942
696242
605673
599449
603702
725209
681902
600448
587047
605007
617576
636117
708298
645175
688831
604557
601256
700084
