481660
327335
320827
327038
325286
319037
320975
319632
364085
319378
321284
326748
319725
325250
342245
323835
322355
318421
318948
355712
323696
326913
340826
322303
323718
324477
318334
321812
321021
321140
370429
322862
322337
321636
320233
320222
316068
352272
324174
325089
329082
321532
324287
352815
321527
322573
352056
325032
324225
329602
318096
320552
321217
320799
327273
322531
318991
326001
322650
329659
323340
320432
338544
331734
325400
333395
321539
332850
400808
336777
319680
328205
321914
322399
320861
334112
316756
324203
324731
328149
326078
320528
317185
320457
319875
321838
319954
343377
319561
322491
321057
319647
357955
321188
324918
327479
325854
319243
324058
321647
358100
