328578035
328202933
315725900
300553575
302711795
311386667
325174347
326515489
286389704
286254729
318092884
324597207
326736585
333336973
311227710
312032919
313859144
316961810
318906501
296054693
296380876
344343047
335594800
336623815
303731595
295682646
296846539
324437438
306919491
308765788
311276617
310336825
279094656
295010208
294821498
300534283
300033929
288265092
320336007
321115328
337581462
313497719
315032647
316179143
313029293
318927923
328791090
328023631
299036980
313869861
314428272
317550289
311530928
313418272
307311131
291314897
293266126
303002298
304547560
325714906
303289337
304415218
321119325
321205949
307558846
295399801
296375222
318842005
294373040
293343803
323528192
324913077
288516656
293503602
292666789
282757152
284636611
304587203
276692247
280486934
279371342
281135034
293038118
291601350
289665879
307804671
306880017
298841562
299541801
303141953
285344322
286800550
313897216
311607630
304469125
301283876
301733009
325124918
316244732
316098211
299357161
