548620
423635
441661
450808
463692
405764
437545
556430
429101
431786
444095
516223
442327
429056
446065
451922
532203
413171
448887
428645
527782
484464
419025
420295
446479
429017
451987
480233
454153
525257
429408
429426
455668
506345
499657
412678
437805
419008
509236
455604
441396
492676
473928
412179
450737
445452
495111
421985
526557
519627
410418
430800
532577
449293
423118
425735
441886
441880
488464
460018
407814
539318
475752
438193
512987
423560
457967
428980
515131
481372
497933
427794
444890
466040
538831
423126
442431
476126
560918
513727
407982
410983
418216
484845
537703
416657
428966
441629
463212
432855
524658
465046
429972
436815
448037
509223
443477
417402
542570
433896
502475
