15163422
15188412
15160279
15207835
15264935
15159626
15257387
15148546
15232208
15200526
15210407
15133534
15160381
15152563
15192060
15175175
15219919
15250251
15184171
15174510
15192551
15172528
15134597
15188371
15190829
15228055
15182302
15138639
15230906
15218112
15231438
15198724
15177015
15204492
15230642
15193422
15198052
15130078
15176468
15267683
15189769
15178795
15177019
15168725
15189910
15218471
15188508
15144084
15203286
15264187
15177858
15220208
15179661
15150820
15198582
15193171
15176860
15172612
15156488
15156544
15168469
15238804
15251267
15177423
15148429
15140199
15240397
15178119
15145126
15204730
15168579
15249782
15238939
15285069
15198461
15245496
15222183
15119671
15262537
15261233
15160385
15192363
15183103
15160233
15239249
15158410
15205419
15190399
15212412
15238334
15186852
15191873
15212157
15238678
15190649
15160210
15196308
15214837
15221331
15183611
15181979
