501854
404027
378160
422213
408118
410967
329935
329332
320763
406681
327663
431399
484775
392093
383839
378729
320905
318746
411647
322543
395999
369025
337083
322095
374443
321206
321231
427196
368902
335298
425757
324786
314325
334050
376401
339964
329602
365220
378317
390133
387272
360528
383446
412028
364146
380946
322133
377408
332606
323904
379840
452930
404091
324108
327862
353724
386816
386740
405482
385703
448381
350612
459550
378297
330989
375971
396735
408885
431871
323965
318177
332660
321327
339096
330784
441523
379892
418052
389143
384672
342639
327872
328271
384207
376468
418240
409137
328183
397304
419228
332640
426834
429483
381614
444918
410373
412282
426629
338151
365729
418573
