439115930
440627712
437010880
438108813
476246385
476262955
420651487
441833492
424856234
436363992
422912506
488389936
448819834
474225855
476539850
417340862
446325222
443917705
435914737
437869421
431505733
434032973
428980041
430666066
438566801
417730486
437719307
457260479
436551753
438477186
452569179
413431243
414014594
428076700
419272434
466511792
431211838
439250086
431319587
433540206
433343790
449243415
440266403
425354396
459750130
437783846
440205175
419012273
431193157
428506588
426166890
457441091
493245857
434749887
429097071
439918884
441676256
468885786
430956792
432511063
424438784
446861735
471020841
481164097
427616939
437032376
444043192
436930634
427311859
427481411
437583869
443464183
431346703
439820339
451137812
446252414
434069024
434640545
432877707
441561361
405746032
433323002
446490727
441678040
433750193
448634092
440298836
436711891
427977896
425983170
417482034
428789704
405952902
442654446
442011592
480142357
425450720
438047054
406343095
481871837
445419246
