376972
252588
249109
288351
250293
242927
247871
246919
256502
232460
252365
252134
277991
248430
240939
290956
220335
245031
288764
255164
307709
273347
338155
208994
218618
239657
237785
254354
285435
225059
225391
337912
252409
282376
224982
221319
209738
235503
227296
276896
335106
256144
242686
294574
245893
364858
283587
230870
255522
216900
255218
316850
256135
358369
224636
260326
238795
284585
260782
250518
221585
252096
243111
219836
222148
231246
267993
250128
222396
219763
212729
248105
226508
239916
259105
260800
257804
216687
232535
252074
345473
292009
220776
233215
234968
297818
227589
213062
235086
250947
284968
233352
217765
295009
216851
369258
297396
238605
224713
277189
241126
