15164184
15177764
15184185
15195982
15164314
15234381
15153565
15240180
15219459
15206975
15155201
15198058
15142555
15147722
15137463
15156402
15142047
15138328
15156282
15187791
15164550
15123074
15181151
15157035
15162019
15218552
15128692
15167777
15144105
15107659
15375529
15144624
15195782
15170210
15197721
15124284
15356500
15154637
15253445
15221375
15151205
15191580
15149510
15194843
15179979
15157564
15158805
15190713
15129960
15210273
15181688
15248095
15146104
15194026
15147670
15150109
15184182
15171151
15184558
15151126
15220376
15152612
15155456
15161589
15131721
15173646
15153610
15157856
15136256
15251542
15158679
15249056
15216760
15165147
15175980
15159331
15224417
15163180
15193562
15138004
15113574
15147548
15145044
15199590
15138326
15188942
15147400
15220976
15135044
15251226
15149463
15131454
15206311
15115955
15127039
15206626
15309813
15143905
15223451
15214533
15167215
