433029
323430
326399
321923
319778
325260
337212
324257
325314
330753
325462
328112
329833
319217
328250
319525
343534
314705
320659
340715
328255
338441
326685
327494
320265
318408
318853
319187
326052
322197
326181
320583
347314
334223
322515
329045
326609
362255
321694
325540
322968
317322
343817
325042
336717
317944
319937
323732
317363
320309
323446
323179
320705
403829
336860
319608
317210
318661
319689
332741
330077
382106
318845
327495
332982
319507
358402
326535
317258
410664
320412
318948
319496
325452
329865
319487
317646
325954
318518
343005
320274
322063
349644
326578
318410
325420
323503
316419
325822
321586
322120
320286
349926
325680
318880
326494
321769
332128
339680
324171
319044
