313404149
309646881
302459936
327554120
329279268
326893421
307934938
309067307
320201695
328198324
329905821
313910029
289878250
291044451
330027039
331373881
312181654
285790339
287620517
316990877
316918153
284790826
304350776
306410440
322340954
303858763
305508555
316541410
317431504
301563562
295793719
294734634
291998402
292907085
301526389
303976460
305435068
292963295
291380965
289212738
307778333
306421349
286216130
288111549
325889225
318543065
318576850
304266517
314949142
316709787
326602660
330698778
331728841
321727387
303134662
302149013
307928360
309110386
320179086
316677787
315642766
283894729
282413183
301471639
292351483
291831136
315532351
315595517
305757134
303396713
303464031
317188060
284107650
285738202
300122214
300136886
313344686
296915078
298348677
298315340
299549686
340602280
313522422
311599427
306536018
93064050
90582864
90522707
90365650
92325049
324008074
325568346
308882319
307621900
314778053
343426899
342074076
304095913
300549073
299951261
320952826
