483444
373329
318509
402895
412244
358107
328446
421157
379483
404325
316631
335664
315737
319418
403454
399192
398865
326139
325023
401178
418714
360930
381692
411666
352158
380967
321101
382044
380722
318649
367348
316856
392413
403472
367054
407871
320604
319233
325396
358219
329346
361176
383581
364190
378576
372278
337514
399011
330230
364195
332811
399595
402992
321052
454432
342582
432995
361994
333682
396838
322650
325918
382011
405935
373212
371975
405177
341261
408966
393169
327711
319951
387487
412394
323255
327506
379771
387401
318884
383233
398783
379443
316319
368969
368612
337615
392714
322578
385682
407004
326313
402844
357617
399191
397107
313654
382267
330224
425481
388114
417921
