371910084
313371466
312779976
336207234
309167965
309311363
312208450
313105525
323272909
376488449
377768351
377218687
315573692
316625144
318267449
330627965
292033929
292488592
341894912
342067130
337020000
340508124
338936893
329817271
301741893
302530620
302259132
303766986
304753513
301807805
340847744
336628715
318477216
329971221
328309634
327960778
367568452
365331757
310494303
323630570
319781090
347479662
317177128
314786699
305723081
364749428
363106598
324070673
300106810
297455554
361567761
302352670
304025430
328005337
309631008
309869539
316814984
318796079
328007853
307834101
307399866
291152618
316803297
315934371
325626461
312906859
314067847
302571289
300909725
301628284
298904992
298865334
289563849
287789076
344386901
304702313
304878448
363895025
334741211
335266743
345982406
325372724
325946900
325446589
380040404
379603277
379981211
299009978
350026392
350235231
300239543
372745662
374497159
316667452
314989022
316166422
316075787
306043248
307175624
307340568
312754492
