527843
353808
326784
327580
385241
329859
418465
366331
403646
405532
325766
405693
345120
391361
423774
315785
395795
323868
363519
346964
387779
362023
320856
418837
409050
379525
325276
387878
406178
393863
385888
441376
322035
425816
433784
370285
393928
393861
398942
403134
399278
326041
405118
329014
399636
346488
399687
417286
387952
327119
328912
404662
347488
324366
332814
324593
411667
425637
413248
409336
420122
407386
396592
408699
343228
447991
425476
338021
364447
344387
387332
407599
352715
326613
424718
401259
448434
464205
392157
352418
423807
383979
383960
320695
439777
368547
458542
401513
423965
424348
411303
426267
321694
378042
322087
332553
333891
316527
334440
407715
463687
