287990466
286333907
288966076
277923303
277363894
246936872
247474700
327483965
327929607
276293914
255641374
255957881
285140706
286364838
293634881
294129550
290958020
313333987
314646229
265303198
265514966
311895194
314086665
286215036
282253939
283367142
345140137
303395002
304182890
288696082
289852424
258456859
260089814
261961411
324944565
327125319
310544371
309686239
271646040
257180890
254898841
246270025
246383978
251822519
251184798
321619885
320906741
261482811
242544519
244516173
256937383
256115680
267480111
269322855
268396221
265275022
306665105
305058578
270818150
271585674
271941898
270101935
270866717
306358319
307026282
287963535
291428343
292329886
245425794
245415923
268659638
267218275
287231355
287157836
297461678
320268224
321228367
260230426
262280119
267676142
283116824
283279560
285124416
285953468
247534958
247949015
306683676
308544050
258559747
346790019
345510235
247554562
299272927
298372250
288879828
288282910
243916111
243262167
348195401
269186002
266378694
