465827
327276
330036
319115
316535
342320
324518
340075
411138
315928
324513
320759
319810
324262
318807
318278
323011
318108
321677
337113
322680
320092
320607
322716
320887
319773
354311
317982
322998
318935
320583
325107
322218
328604
326861
320032
351025
319235
321941
326587
322339
327966
323643
318660
324652
319198
325739
344589
318193
325962
410535
326594
406406
404008
316878
324498
320064
416813
325413
320089
345385
323287
326117
331536
324156
322157
321537
406763
341884
318771
365434
363092
324912
329341
324216
323930
324081
320603
365889
353023
321842
321130
333607
326857
325920
323053
324750
321230
327520
321598
323313
323997
361858
329758
329095
366477
328085
318506
363901
322191
322943
