305245139
302545745
313249506
276391232
278443521
318306482
318443065
304528984
311232258
312491202
296555625
302652462
304446609
302920933
303936373
292393256
291119073
292549841
310591112
312296099
302037651
284814843
286270587
283538885
285410399
303801084
299068598
301220470
308898493
310366902
287837454
321510863
320882455
299462831
297664113
297038210
324722590
324812792
303795170
310470812
311247380
301711210
372126370
371272591
307170833
300192277
301875946
301886325
301054814
305267133
316133430
316490472
279465609
300166241
301668471
298076924
298748988
291627659
309038039
309326971
316779395
315298939
303398424
303843404
305897082
307790835
295247575
296292778
267897723
270511659
303679666
302740258
311209822
314217494
315212096
306519000
311157037
312662068
301775741
302403524
296354659
310903777
312803259
300331103
297832309
299431910
312692482
312113396
309527755
295259689
293880826
267037539
269936844
308346113
300631560
302739359
278462776
277978513
298720538
299248883
307087710
