445173
332188
329644
329900
324187
333231
409731
317161
330280
315652
323075
331018
321518
324694
331445
327475
331271
342851
323775
334525
319053
326856
318055
324501
330663
323815
322410
323906
319637
331790
318035
322971
332389
317989
327531
321988
319786
323649
333989
323136
344954
323257
326099
323150
321830
322691
318764
357777
325541
319407
328982
320257
322606
323103
326591
324065
324065
321817
333317
325538
328024
323170
324162
325545
322256
320429
381995
323464
327607
330396
319784
352682
319135
324925
324139
322999
321940
324231
317525
321323
322578
405573
329785
322642
339249
331208
328542
321234
318493
320175
317895
321919
323126
319684
348408
326784
321366
321267
317722
324269
402717
