336513309
328766718
301942835
291660332
293922256
290327142
319968218
320071057
303056143
303582888
311123966
311287141
311537249
308569390
297357027
298819165
297552768
298652871
298453218
314112866
313528875
297229247
297850497
306897877
337009859
337437521
304761467
288168533
289241484
298762889
300112946
292705731
313140042
314091524
314801700
282542604
282790761
314016441
311894440
313236500
298142197
295721043
296970947
298214015
337441099
322074041
323662334
307643174
290509018
291272554
328965797
326436944
307086359
310725733
310796367
323821108
317404762
317907301
332718283
309409374
307619528
317998396
318910634
303146286
301676477
299387058
290757288
291746340
295644637
302008274
299109371
292334671
293462942
301262320
325809693
323126594
307948255
297178155
298353508
283888318
285059672
305524559
282982501
282222986
308690799
309594298
310388354
300749369
301730790
298468303
295538724
310971957
308420985
307100222
302689325
302439088
300294934
272058255
272496243
287029949
285459647
