498959
409230
417215
321660
332404
402697
334206
417653
346935
317294
323855
341286
344959
343935
334266
423246
441111
412686
318587
322787
503003
415662
407773
325136
449948
425427
331359
405674
331556
325581
394786
395570
399326
323498
333253
420043
413390
345629
413013
433468
344097
367729
397037
471416
425520
342768
413446
323391
320196
327713
421870
392030
332592
324909
350726
431255
318723
322499
317288
438329
458011
320529
454327
374460
389045
430332
320978
355570
421679
415371
332612
412872
406449
402117
324668
328204
321002
423241
415648
366106
327990
327502
359925
336673
328690
416848
419882
324491
416980
464078
343369
420280
323410
404258
324954
324320
418325
434875
436097
364839
334805
