290333443
289933430
323336112
282045903
281254176
288780523
291528175
316192596
264112934
266891360
315571577
316835073
255111337
257685589
254200463
252890119
253168530
306424436
308444280
314918271
315340498
280481760
308015644
309631557
284857391
284642423
250668715
263320618
263358622
323247318
321562122
310111020
325956917
325496237
315238078
249647799
248593684
280643795
276885488
328311994
326121123
292320960
299305635
296459308
305562586
308614867
339853597
284668621
285382481
323692835
265039511
265369700
352984207
349006192
259810476
287012813
288715326
330369548
328720526
340112385
257077472
256631363
306252553
304228922
249719088
261703090
260802171
324283671
322428980
309267431
315210164
316776574
266667554
266330325
319791318
347488256
350905731
263464893
306470144
306113604
280181547
281302514
280632549
281780068
313077962
313643965
312529897
345971372
341505239
342547510
345894284
301673821
288861818
335466603
354259036
366338099
260684200
314495030
297405458
318066428
323112920
