357835
300113
278007
233045
352252
232057
369697
241818
260339
376307
316425
293641
271981
385616
293791
361904
304582
344874
343836
282907
338824
291004
246907
273822
278238
320275
410884
235582
263449
275586
269892
323368
260767
242734
347167
265207
278913
311999
250589
277039
368536
321767
265479
338859
234625
249892
232946
270871
252570
242658
263373
286063
263830
254739
262782
308007
267560
264983
395821
233918
267063
264839
291011
312249
235127
250936
263198
376038
298007
246446
248062
250669
258496
264167
285852
300594
362084
267443
284332
279872
239856
287482
261090
315861
265666
246699
263910
260778
274077
346222
252309
238166
264207
267630
264088
325106
264262
246274
283758
272684
271568
