15199306
15230262
15104503
15085589
15371993
15156346
15258366
15178004
15270446
15142654
15235941
15206349
15216300
15190951
15223781
15212799
15133230
15234118
15229106
15187680
15254102
15250345
15236218
15249390
15256575
15164867
15218155
15181701
15192405
15132027
15167867
15203557
15175934
15244453
15228212
15196361
15191330
15172578
15184603
15185974
15257640
15133738
15258515
15226037
15168253
15119023
15200867
15258359
15183070
15203633
15168038
15129509
15172998
15156621
15197167
15178736
15178483
15190080
15146636
15175261
15211112
15165077
15125738
15177119
15189846
15165501
15159087
15235064
15131435
15186411
15173682
15125372
15208265
15181509
15119453
15185193
15205891
15162404
15194205
15209326
15142131
15113485
15387687
15146053
15147985
15218605
15140253
15192432
15137463
15180324
15176409
15149303
15172838
15182579
15201555
15154309
15180460
15169921
15142062
15231323
15157297
