526114
429864
377467
331110
325632
468560
389356
386205
456450
318392
458528
327637
451884
426278
339846
322964
442743
325948
406101
340233
401895
411116
411461
423906
367532
378848
458065
372693
419590
324037
397026
324974
334357
389811
429965
382491
359317
420956
329768
407796
319869
368200
416542
420480
333431
402555
428355
423262
339338
416993
422941
327369
396361
361383
404027
424750
420793
437250
338870
473199
411729
405562
327220
421748
325941
421973
368867
434456
417748
370327
328504
417419
327185
428490
323946
324315
365793
353494
329673
440921
404210
343781
351201
323956
338648
336622
427621
414760
431711
340071
370151
406903
416186
345320
419660
417256
401466
325683
329013
421890
322844
