309200333
306769780
353734026
281387912
281909729
284832663
280606423
281255410
276663504
275884627
278718912
277836439
282230629
284466711
277802976
279242756
279816925
283880087
284679441
272181552
273786085
289066399
331662338
332344841
315314006
283498348
285853614
269032692
271262479
282298623
282390692
278086900
280011922
276721601
272107450
275679422
296308801
288635278
284497870
297988023
295431603
296573808
298290315
294438865
286492448
286914496
330705624
328433710
272197873
349712100
347168463
285644969
344251189
341983757
300629634
278141163
280998987
275954887
274581745
338776179
275793062
278246737
330883195
328219132
271950965
278977910
279443298
292705988
289840790
279336177
280788956
269720838
289183429
287136891
266449799
266487916
334769886
269033283
267128825
276072048
273931314
271802983
272718930
290780425
291757018
282165020
284145644
284477408
273503615
274656973
293610090
291230610
274678682
283322302
280210337
278215533
279979224
285065845
282592222
282156730
282122581
