596588
459258
495208
421614
672005
490335
393497
427087
542801
457057
503476
433203
442001
507423
415525
437413
494382
446881
486698
424544
425362
465766
461397
442666
424901
416691
467228
516985
392784
546513
429459
536856
395657
453025
523675
416678
434670
452549
566688
382445
440345
442242
624430
416765
435717
466617
554988
509092
473381
441107
451981
447817
500582
410184
437539
457506
517852
454663
428842
554556
472120
431326
426853
426027
571794
395505
478079
486917
497326
438876
464897
449116
412056
433548
530054
426034
436068
425465
499341
466386
406243
449773
475101
415112
547723
467301
585045
443117
417260
437428
490239
459708
493289
426191
460810
488420
442835
531563
458536
497742
420392
