15847260
15874125
15839120
15893067
15823020
15967684
15870920
15755861
15883159
16069800
15924900
15828080
15850317
15933835
15845607
15845438
15873153
15943082
15795206
15886938
15804900
15951221
15803950
15907070
15799077
15927964
15901835
15886774
15876420
15864007
15866160
15853360
15833965
15803088
15933416
15827586
15827885
15814008
15920664
15936832
15795743
15858594
16360995
15761014
16048487
15855029
15854627
15862844
16044673
15827080
15820326
15929361
15826727
15890667
15779325
15951093
15834232
15836032
15794302
15860198
15905176
15870432
15817828
15810324
15903512
15834675
15788408
15826918
15908027
15858048
15808711
15854810
15952219
15838151
15807803
15856533
15910731
15792876
15781608
15882889
15929172
15885433
15790857
15915502
15897096
15893980
15861854
15868316
15819390
15874976
15925597
15977440
15971598
16011227
15940109
15826389
15882677
15925602
15870077
15776686
15862352
