396664
341866
328107
407466
318023
455295
397923
441171
412691
386004
323234
406805
347175
342770
328993
449871
364562
318309
340964
419249
409266
330116
356064
418928
410835
410020
377374
416932
383107
415206
433724
337380
385889
329007
413188
371830
329450
408241
386572
407868
415316
487963
409571
328479
406769
377140
402569
370100
385927
401931
324362
419290
439223
359532
422067
425647
383089
411975
326840
318723
405677
405319
337376
404569
436382
337957
419699
409806
403285
373622
438863
321889
323793
387820
380818
350483
340532
413132
417678
411934
428487
392018
338794
422496
414168
332338
433465
398610
324211
416057
423463
395355
337444
409688
385310
380517
430237
420972
372427
320371
322414
