282057538
281578782
283806076
309533614
309751086
292221100
294263903
312836276
289917297
292409070
309875511
308123069
290334557
342105044
343139793
290120293
298278884
298233345
279603466
279488227
281378016
282138090
276241841
289459976
288008419
288845778
288030705
316035812
352258840
353274151
296002684
303105220
301907159
272238943
273226976
321900436
319686137
320906043
293369628
293228872
294971078
285176670
283446128
260550790
261515796
273025282
258960267
258945867
292538884
289247504
287156811
289268536
279366250
276157632
279255401
321825209
321996911
293756728
279830331
280982971
285485247
286882456
279532482
276608183
281708116
293552594
294970326
271208212
271060146
285974093
285765513
269990412
325252399
324275325
279212175
277460202
271523114
281222063
280018850
297719705
298779893
332196760
340949080
340434151
346238124
295896922
295255128
354838643
306637928
304161221
294523342
294983802
370575066
285361874
285910653
329946258
332099518
334781679
268026520
266303866
296846081
