452388
349941
330628
351873
323141
306922
373386
354745
352365
265025
319701
340974
268272
259385
361156
308359
347569
517892
389020
230044
268980
344663
255890
263519
259543
293025
342050
307570
426233
325365
290558
272277
289378
328044
232639
271174
255600
303511
252783
295340
243877
274832
267010
264189
328637
270186
260795
238299
346555
262499
312912
265756
336607
284440
281204
263996
339702
247985
244802
280470
278469
284649
341241
271209
333608
279142
295000
294567
309614
329414
269967
337356
291692
341525
472359
403615
324313
329444
415453
453801
270088
330457
279218
281568
265230
252561
296782
291371
331515
261539
262413
276099
283267
271927
387174
346668
262897
320085
310845
418653
326522
