15172394
15166914
15169571
15167132
15235315
15138041
15147903
15112184
15193643
15091808
15163270
15136545
15149210
15102464
15163952
15147982
15143268
15152677
15226304
15082257
15226118
15185552
15162410
15123419
15184891
15110889
15114857
15137285
15197236
15105979
15122533
15372228
15114241
15192579
15125146
15124864
15052319
15258859
15158532
15141954
15167737
15154335
15119259
15163323
15140989
15147171
15132657
15175537
15197951
15122975
15194063
15133457
15192940
15120738
15160079
15115021
15156247
15123025
15125480
15255408
15126967
15189395
15151452
15109519
15198634
15096477
15171728
15148462
15262520
15146988
15155090
15111295
15120031
15170748
15126883
15152256
15099326
15208528
15128277
15209497
15155093
15124845
15165984
15130414
15151831
15120199
15191581
15134677
15125150
15132354
15107243
15158031
15145098
15186843
15130908
15152935
15134800
15204103
15616997
15116919
15350839
