862657
786334
761476
797124
738050
770764
816728
797195
778207
754308
829174
763946
738984
750082
768728
849031
772330
759762
772676
725058
756716
746079
838865
753978
733628
785317
763492
814424
766329
870814
773112
786663
748692
734953
738083
776406
819108
761675
723991
723079
742762
728915
758618
756755
731642
732183
781416
776513
820045
733470
778881
893304
808594
729261
730404
798759
786669
839845
757422
734790
740540
747014
807262
756739
754657
774928
739054
808749
769351
732487
732767
728328
745551
747550
770339
774927
734500
759120
759920
853290
780117
728413
768474
765338
752951
736624
762963
777733
849669
741453
727104
824075
767325
772873
787632
727045
742184
746684
785122
770381
744147
