15180360
15177512
15140607
15199078
15195843
15138619
15158273
15236906
15186200
15164669
15116714
15139517
15176900
15188910
15145122
15177851
15218552
15188024
15159952
15152687
15173550
15166161
15104153
15121447
15275524
15204745
15150871
15215404
15147046
15163708
15170468
15143766
15155921
15170381
15169240
15155918
15160756
15118365
15120452
15192281
15183534
15192556
15253700
15228619
15173059
15155843
15144207
15280425
15205094
15132666
15184063
15183630
15146004
15191527
15152941
15131325
15180968
15168055
15193271
15226368
15229894
15261972
15150281
15164155
15152429
15218398
15153621
15166102
15194008
15221221
15125019
15227923
15163311
15157769
15161151
15140249
15136406
15269342
15164926
15178425
15125606
15180549
15176671
15188045
15195687
15146213
15207644
15223591
15173039
15142544
15153437
15214200
15179243
15158654
15120218
15194461
15223572
15161610
15163472
15171048
15235198
