412346
324330
324490
325204
322348
329560
318811
325326
321725
322365
323020
321775
325299
322891
320929
325969
320704
324959
325141
319589
321077
318268
323614
353491
317273
323455
321618
324154
321418
323922
334738
321520
322753
335506
320281
326737
328752
319278
321194
319111
322506
326332
321508
324496
324765
325502
321626
320552
324602
327976
419255
320780
321148
325825
316905
322269
321815
319325
409101
321920
406721
328318
321482
326127
324070
327412
325875
323754
327899
323444
328775
329746
319182
322964
323329
317038
326337
322776
322018
323399
320411
337011
334861
323687
329685
320005
328284
326194
328761
328340
319692
329890
324551
324463
323751
324610
327994
326615
330879
330326
322403
