315227639
308832240
297135537
292122207
293599770
290413963
291224975
290804495
302107138
303011414
299811760
301658452
301260236
297982378
298835336
287961269
288839420
308141449
297151492
297641460
295549724
296137135
297128934
324242752
325027934
302741487
303546579
305936172
285236765
285551776
298194196
299239919
323326915
299695865
300377855
305002518
318501367
319279666
298398900
296904416
290732069
286932176
286191757
298199825
299735514
294134005
283861678
284830526
284757072
282409761
312425515
312887618
285017386
324896524
325452443
306045417
324999914
323335882
322553691
297379370
298403612
284610787
283817805
302680498
292855433
293516354
297238186
296810226
308101306
296318601
297375397
318203365
316274328
302846448
307485877
309231983
310689576
289421399
290586499
301688660
302079269
317695263
299836859
300805981
282186117
279805295
292973076
317695342
316356162
316906061
318313072
308646737
304675425
305214052
291352866
299884375
300442888
317702576
316449068
307314183
298259588
