608496
534236
531719
584381
525351
534074
552714
514456
528108
578742
552810
516231
517290
532114
589077
505944
535169
585095
652542
613098
489274
519452
525487
550837
574871
548745
496035
520109
533605
559959
489163
524316
512540
533916
508545
504308
525192
592255
560993
485896
518844
525475
643573
528214
484362
510588
538071
603494
560307
503973
518317
522726
561083
589595
500162
501912
526316
522147
534335
576243
648933
516148
514577
549998
550746
550399
534621
533737
504079
510396
543777
527603
581913
642979
491897
527822
519116
533773
499937
506573
520995
544644
501499
574915
510226
624776
504640
497614
538362
521068
635344
571367
492372
564273
498773
533138
645608
569033
501797
493350
524164
