15194947
15152299
15142835
15137005
15134495
15176615
15148387
15132417
15183254
15152575
15129367
15155540
15243602
15200577
15177468
15161566
15208250
15208571
15140808
15099436
15254388
15222873
15197091
15149152
15105654
15229259
15152476
15187822
15144352
15115626
15133766
15197468
15153969
15107374
15197660
15214013
15104787
15139212
15216956
15177383
15226222
15226193
15132847
15155404
15170770
15201448
15137519
15218973
15116154
15161874
15172034
15215534
15209756
15136586
15154664
15175467
15211314
15150365
15177611
15135524
15198272
15185301
15217429
15181094
15173210
15221720
15205783
15149873
15145447
15238075
15219832
15164057
15175229
15171463
15168886
15191162
15162439
15151501
15191016
15158826
15138417
15166206
15134582
15232771
15247599
15113870
15164938
15240679
15146258
15206325
15141427
15128082
15116177
15306094
15231312
15208080
15191929
15178987
15202020
15160525
15099750
