505152
339996
372508
390872
326646
315670
391485
424239
344228
322728
351792
369721
382387
322390
313750
330379
332685
318521
320054
366410
369542
406528
379042
397948
378289
320784
364060
370866
314048
328736
344368
320798
319370
327177
390133
397857
412114
384743
391795
318245
353792
364248
333751
425722
365314
331357
343056
377923
372289
359818
361774
391740
452554
317395
319563
389712
322691
322061
326791
330307
333754
322229
379533
418972
342048
329215
331786
319761
372767
367046
437865
344260
359497
409471
322863
397185
338755
321135
430038
374352
313924
326974
323877
402973
471722
345145
316513
388688
341856
332544
376259
320390
368725
320927
366018
405087
320024
321725
319989
352450
404719
