333642223
328452058
329599444
320000297
348270739
348515029
328842475
323504288
323934935
363941493
310550951
308755218
352552895
314697670
314921478
322211083
365078181
366059786
331616725
300423342
300992022
308047499
307675984
309028060
306749370
308616169
323779386
335868665
338900009
335653909
319628497
316475389
332334166
377713810
374341142
328199008
318373016
317303340
335240477
361779261
345026660
345920858
318228260
365724071
366522039
351583127
324605804
324514501
308348023
318169733
318872646
312284658
344907635
343100255
337846409
322485882
323294610
315788948
340843120
338602457
320506744
332185100
331202771
315718357
317929590
319418493
323774240
307621870
307026577
322756515
368625832
367121410
330567222
336621984
336769652
327874339
300943049
301833882
373106533
321923862
321772517
297072912
291493289
291856058
374820742
297751804
297732681
308270267
305781748
311446934
306790963
303217356
307022523
317077975
316146550
317984800
317881641
311329957
307964135
306939016
315642100
