413584
287377
309600
301735
380208
281263
330096
416679
351329
308846
310897
312951
327876
284685
297188
327362
402620
279820
288952
310184
303412
345898
372833
347788
311562
303719
302426
372556
305491
325302
303835
289220
298944
305341
311834
399307
281246
326484
371966
314298
291948
300250
294214
296807
310843
365934
312893
310217
289648
314247
387737
302617
310739
315228
298853
308148
321228
433065
315324
283744
317466
303220
315739
312376
360841
278980
383472
306245
341538
366558
345818
355847
278354
312962
315941
349152
285157
282114
283538
309069
299813
347834
292156
291866
309519
303403
393641
320285
295528
286402
302676
408372
383540
337756
297092
304916
300619
307969
302967
335664
334624
