15124977
15172085
15149341
15194137
15152889
15134797
15126395
15146828
15156129
15130954
15150073
15114752
15162123
15108930
15142244
15115769
15188574
15152416
15133491
15135241
15178011
15095841
15147366
15114848
15109853
15172114
15131171
15133534
15113522
15091955
15137092
15148993
15116950
15132681
15148907
15112353
15140124
15201926
15176912
15174248
15105698
15112147
15131369
15180345
15164571
15109768
15151247
15158909
15147298
15147886
15143289
15133748
15134401
15132731
15124029
15140348
15129961
15143105
15081864
15125070
15137198
15137210
15168743
15130645
15183563
15071780
15128584
15181525
15096806
15122874
15132104
15180751
15119527
15121594
15156675
15087938
15132229
15112720
15108021
15151099
15173404
15156278
15089248
15101769
15131728
15163838
15167250
15180509
15127863
15230458
15135447
15192575
15151996
15150548
15141971
15145004
15127033
15154524
15130547
15122013
15112795
