411979
362395
346293
351202
396794
301932
364012
313039
302507
339513
342949
311327
434377
348201
356110
322324
435870
423135
344056
348082
305712
346667
330158
428507
375135
343918
314503
321388
349704
359478
392282
300167
340686
311967
331443
367597
330951
307995
339577
334800
334413
351456
307846
366272
337437
334191
364440
342029
310955
328577
366609
364096
346008
297050
352923
336974
418816
375600
314629
321682
320977
433218
412994
314888
330281
324297
357487
339260
338369
321323
322560
320798
350457
334975
338798
325046
303203
327787
324072
446359
299224
307879
350623
374771
398236
316463
337743
329688
343286
325024
322555
328393
376234
361911
424362
307343
330603
328354
417141
393639
338827
