15219045
15147401
15187857
15165840
15180207
15253259
15337542
15186401
15211999
15135801
15126067
15489652
15218582
15272254
15185488
15172680
15115606
15147854
15127019
15182675
15105439
15399557
15156921
15125313
15130943
15118985
15279631
15152267
15168115
15089755
15139738
15103977
15151962
15135560
15111296
15153112
15143572
15211655
15132076
15239574
15161312
15224028
15114825
15137772
15155496
15117778
15174008
15216545
15211940
15158960
15171989
15111210
15149361
15127219
15129327
15166833
15072985
15162007
15107381
15206642
15115743
15118339
15128785
15110842
15172853
15128182
15153405
15130321
15206105
15126329
15193127
15077867
15076885
15134042
15105509
15147054
15115073
15217898
15138036
15082988
15103738
15143132
15232267
15099839
15208722
15166481
15250443
15153407
15213564
15153147
15168956
15116007
15142904
15142351
15241035
15225327
15143197
15189403
15100829
15072449
15175054
