465143
353515
420382
318380
390113
396751
406687
395085
327666
465807
392819
365300
359646
346326
320164
349591
335552
336345
368069
403796
318495
319837
388858
342471
333063
393789
320953
326573
435637
426292
392328
360797
326211
422719
326694
330206
447704
348719
393403
341244
320569
321878
330041
326621
411599
412760
416940
318496
328918
320809
400277
390792
325248
415482
419077
380540
490646
324892
386149
429465
344523
404300
393400
387510
367267
411966
323775
380236
341512
393286
320975
409144
384534
410431
431568
392464
403890
341621
324378
320746
346020
351668
347052
338562
415910
379768
321333
317064
344218
366164
390856
384947
334942
323524
400749
368182
364039
362918
350475
408752
413756
