455317185
421358155
440740713
441447520
447774089
398728461
442131096
406606333
449463772
430734253
412428455
413028650
448272540
384534457
398928189
396274230
409163726
410175367
397009706
392568878
412607628
394907836
396717753
452430524
404529383
449018940
386978875
389461180
391557565
406024426
407508723
411821969
434502303
449072176
398586783
398137533
399637730
389077717
410159059
403327753
402440435
402034240
445014277
417875537
426466645
442324007
400954338
402558030
413909056
389554345
401183526
410864813
409447858
405172452
389595163
391690444
402418446
402226181
403634045
388088727
389145544
403380871
446856384
446927758
418169686
397717217
385465495
417717231
398151060
399642140
413981992
400234967
410778097
428722069
419042887
421997616
459156168
385330087
390426629
392341037
397822942
398822467
412016815
420783235
406267224
389219894
399921082
397781212
453147981
385654183
387343642
452024815
429612638
432393950
400219700
454827284
459456663
448566089
391005990
403792486
406519209
