527717
393286
401462
388059
392054
328648
324925
417647
413692
398872
326935
407635
340605
319822
385710
341937
369151
322814
425067
405328
347346
394007
367249
407045
317121
440177
376884
446283
407674
416349
430758
321063
332985
402165
410591
397205
407313
452486
389225
453220
401377
426737
420133
331447
348956
414344
407061
416640
321951
395183
430944
336340
411292
319395
319820
353145
403687
327671
410559
413486
406208
412049
374194
321016
391266
345481
410945
324096
410996
391848
343867
412822
353497
405977
414884
322723
436043
317814
344025
354044
418872
336704
401306
426212
427958
395694
401908
397044
413305
417477
320664
436466
418605
395061
323380
322918
319417
353351
321862
332795
414235
