272035376
268052637
247208021
248732028
336658914
262927600
265071065
302810293
303758945
282268949
276071098
274210180
333086271
333717359
312443054
312394412
315150977
310447591
302912352
303896640
281424746
282929245
299295437
311857178
311378114
338873209
337905403
306870558
305608622
306977188
305045508
319477794
317125113
306311906
337228461
335429176
339841570
311140560
307149159
319200561
320932904
319687930
325580144
329293864
337231226
242970289
243758479
301370881
299318668
243638369
301841759
299767194
306638678
307820188
311305584
296369981
292751906
304123406
306076748
327001044
328367131
326549205
241681423
272066823
271180225
253729118
254461778
320339327
322426214
329374690
336281939
336495675
320102295
350017473
350674818
281298402
305730963
305591156
313806815
323842980
323723766
303971036
305482659
306398375
297908326
296512814
300531147
315153746
317805606
311240193
306655092
331661262
346324063
342804945
302028940
330638650
326611161
255283486
318210046
316849188
338577428
