512581
326562
322957
325107
320701
320888
322669
320252
337890
318978
319019
320390
422619
317529
321561
322837
318012
329579
323497
326424
323107
397746
320524
318724
318800
348750
316771
320959
323024
315976
325251
316483
321464
320495
325567
316133
325039
320926
320268
323383
315385
319855
408695
332026
326687
351608
317057
321632
323604
316988
322635
316786
328475
321896
320214
319153
321069
331687
322839
343032
319532
318804
333564
319614
319108
320715
324180
318568
321662
323169
321527
359211
318321
319590
326246
317806
319723
399723
319336
324158
321171
327775
321606
324952
350311
322278
318893
327002
331409
386376
326409
327638
318854
321843
333442
317149
323004
336283
326458
325809
318809
