317403476
313973763
326036587
319403745
320039248
330767329
308301178
308497932
320805125
330910249
331410778
321158615
328866698
329462713
327412788
328743463
329286022
294904836
296682720
349361199
312110349
313018157
308328680
303152435
304153321
305184604
306211144
333530021
338398595
339356835
319456818
314504817
314459378
324893088
302901821
303949203
314390271
304570335
305843915
327978594
327138434
314967042
323679887
320621272
328032291
337076013
335184624
300788246
333915332
331737213
307842990
329271199
330512886
313428757
330188264
330403349
303585773
324362071
322836706
316669180
337584984
338315421
352894636
333009117
333822341
323694531
326707495
324881364
311869377
312700471
313582452
338138119
336367209
330044223
315602601
317707791
329878966
318448835
319133583
305042356
337864035
338507490
332405823
321837005
322577969
323052428
323553767
324342556
310585124
303880422
304031447
331641197
314435216
315360841
325463566
323068655
344478600
322141570
319477794
309430772
328424014
