388887
263508
301282
272322
297818
258443
301052
269798
351564
254573
268956
403093
298031
262200
282752
272899
357342
390136
251877
266883
277150
292781
339274
309388
250135
258020
278520
254815
295538
360648
252482
253598
262947
276093
274969
322533
308938
271362
361689
267693
303905
348242
265587
261844
244983
296665
265432
315251
244934
280158
273183
305748
318714
264773
253587
269247
414930
283797
292835
282095
265043
255957
254859
331375
351059
359217
304358
253733
271563
261186
266701
285668
249252
247430
265168
265020
263716
288309
303424
261131
279341
274443
335418
283197
255359
298562
275935
262000
250871
280656
271572
277361
333805
350932
238335
267705
269570
287446
341840
272948
263642
