15093386
15170318
15120700
15193114
15099953
15119922
15146332
15117645
15114297
15106895
15139361
15095241
15102396
15196229
15155833
15114582
15147577
15109976
15210789
15136940
15113562
15069380
15064462
15090017
15071288
15187110
15113498
15180172
15174816
15086982
15118294
15125722
15154677
15044134
15158758
15178283
15132259
15072359
15122820
15090971
15072457
15116918
15068360
15190368
15155273
15199557
15112734
15053666
15113372
15107249
15148590
15024219
15137541
15116607
15149854
15127968
15100890
15116091
15078405
15127605
15106266
15173810
15117657
15096624
15118497
15057441
15128701
15141209
15157667
15133100
15129301
15202747
15090559
15185235
15086506
15164400
15092581
15061295
15096110
15080278
15128246
15089713
15148045
15096385
15115328
15195192
15083837
15115597
15107354
15192785
15130477
15194772
15102145
15088773
15120054
15112168
15163918
15096547
15159889
15145796
15188624
