343603
251881
271218
329266
258798
244057
248809
325762
267309
221621
241730
312829
235963
243863
268881
265461
254164
262152
258322
239234
335669
257001
226562
258287
261842
243482
350224
286148
308205
233620
314868
217838
222147
221294
321698
242648
271742
267107
321301
251412
262266
247329
287881
358852
222477
253867
256794
259512
308181
307969
359161
282693
226548
223175
261443
257013
262285
356938
239895
236984
278093
252941
263113
254274
229983
221741
339702
243165
267637
272353
253220
257644
263878
340035
266380
367996
209652
344047
221378
248753
244359
256309
344729
250914
245856
221872
232907
252997
260346
361813
230839
230002
231953
244233
314222
238957
255526
253994
308544
293703
225412
