15318071
15191309
15185543
15143362
15154346
15162132
15217151
15174137
15161396
15183191
15128646
15221801
15131967
15191532
15131819
15224292
15113431
15278188
15153875
15173955
15172774
15126549
15189612
15150783
15235807
15197777
15255932
15185658
15122592
15096433
15167129
15029081
15182860
15122172
15161805
15210450
15055183
15278461
15233494
15225318
15273249
15256547
15195732
15169142
15185440
15196589
15122890
15168692
15211886
15128279
15237109
15143560
15188096
15248222
15121990
15153864
15169413
15162314
15151711
15164326
15190038
15172313
15201005
15169338
15164452
15144993
15205827
15178387
15177746
15128809
15159109
15242652
15339232
15160116
15105709
15149718
15064990
15203830
15153289
15196118
15170933
15174301
15104039
15180060
15107855
15175275
15175575
15161858
15152384
15127556
15183776
15117730
15271414
15166090
15238703
15161084
15251886
15135892
15181641
15144745
15192512
