401620
318622
389107
332271
395246
321885
376080
332186
418960
363175
357465
376996
322516
329305
324568
391102
393004
319435
397169
394362
322294
326506
398223
322733
383903
327580
379069
323442
391087
387841
418389
319766
329218
365200
336561
324871
330227
327311
321583
341299
338637
397497
323011
426555
319246
374602
379491
409036
405563
321053
374385
344722
376540
341822
325535
375408
323502
355716
318245
323639
439027
364566
395167
392753
324271
322425
415192
395097
364450
354152
340724
323507
345058
403835
393787
384026
328820
376193
378215
353973
343229
323900
322692
322249
386267
335804
386442
413267
320615
320765
435933
374519
364435
334358
353721
349758
412943
387649
420487
393557
385981
