435507475
421245478
421292445
421884366
423240260
422769166
415024047
434287727
418537544
431391681
431473142
424273252
417562304
410212037
427970860
420071360
421107729
420909722
416899303
408752158
401623846
424098758
454541231
453278021
413937999
438953182
423374284
430729640
453475185
415553388
423971518
426436353
424884278
414485243
400953562
458921886
426869354
436278364
430060341
430484438
417198477
401911958
419026474
433551689
417456607
426056727
425547158
427372471
410540284
429422146
439437578
421769801
420916375
419799408
430465954
416641228
437113278
411968079
419140892
479703237
435402983
435173635
422171171
420537038
423535954
478715777
437370361
438022826
417187755
419024664
427719013
443997817
416675650
438530059
423586224
418233238
425850462
424398725
413988236
410134014
430834640
412395582
466137634
427055227
424772677
403631444
426494932
428142850
416728335
459993862
437677418
436647458
407124778
422921728
414104461
416753094
488020106
428883075
445720155
448149928
437444284
