376659
244964
267903
264108
362468
241222
257207
270235
333716
255055
263287
264169
314922
230661
352747
263291
249149
270508
269799
300409
246816
243465
365476
260582
320624
280938
245380
246683
252188
294141
268504
342597
274494
292146
263523
271332
340731
372970
257353
409503
245594
285747
257704
317157
313597
352737
260925
277005
280497
296730
251698
367758
268808
372839
306751
266646
269178
274306
362668
313273
276391
272694
342403
316467
356974
296298
340509
236112
274555
268433
276736
398297
230237
243953
266069
374330
353536
230478
266701
259167
286707
354677
251642
248479
362949
256775
259070
336310
315987
354906
344191
234990
265452
246591
299895
314996
285143
411842
390570
244267
266012
