15220408
15141734
15149540
15181399
15198596
15225075
15160312
15157634
15217834
15195445
15146303
15156660
15171497
15077606
15306273
15266713
15156994
15189889
15242891
15194677
15144760
15118325
15164065
15154026
15152026
15118831
15122092
15211112
15126548
15155224
15133872
15124941
15216027
15152291
15130548
15170813
15284463
15225139
15292292
15198361
15237346
15257669
15171884
15173880
15220145
15158590
15175704
15128996
15223913
15123938
15231258
15193879
15138601
15183066
15180080
15141388
15168393
15242269
15249821
15235055
15197163
15188169
15207314
15221934
15245654
15272866
15277301
15254608
15172121
15164061
15196451
15175471
15131983
15152869
15123050
15228181
15225724
15190599
15114152
15182422
15229696
15173536
15185139
15137130
15278368
15284082
15151053
15240695
15325043
15221390
15160507
15091128
15149851
15198007
15201826
15155635
15134062
15249621
15333283
15181886
15119073
