522119
407350
416088
413155
455861
381687
385020
408869
476125
420063
500867
425852
484877
383209
413042
433236
479578
375157
446152
399650
451105
433100
399073
479418
422577
421178
472043
401620
384860
392172
406208
433730
469473
380713
405929
409406
421055
460495
409419
380429
390953
522326
416844
468141
409018
416039
410636
432745
437194
394358
392299
405311
469675
405187
412086
419758
393299
408517
448153
451455
378088
412484
403830
414361
371616
392604
403413
427818
412401
375908
378319
411720
503250
459327
373622
388927
380701
391407
405193
480031
416066
482627
407257
423014
415418
477262
469540
383105
398956
446561
431342
420319
382208
394442
408739
416001
428587
474353
508874
503625
405938
