15187884
15153319
15199026
15138824
15214521
15138019
15207674
15128465
15163937
15121056
15171373
15152333
15121392
15150439
15102601
15174087
15095546
15131333
15196473
15181620
15135495
15154718
15159484
15157133
15133203
15117312
15114072
15122018
15232208
15238580
15171255
15132797
15101478
15164974
15158738
15274958
15123932
15208735
15120448
15208645
15152284
15138854
15142663
15134039
15195302
15178554
15224918
15140719
15246265
15149401
15175209
15182741
15160238
15207586
15133080
15192974
15133952
15176957
15125244
15182500
15141910
15119331
15176614
15091833
15171836
15149381
15294306
15142502
15142452
15129079
15141316
15225745
15139874
15151164
15136531
15165761
15181064
15203539
15120306
15116352
15108649
15115673
15147066
15131327
15222469
15109694
15189766
15163371
15183103
15198179
15137563
15161077
15131795
15253711
15176565
15223779
15125953
15105996
15165103
15169373
15148557
