405447
326956
326553
325463
318480
338535
321687
323711
325752
320994
330751
323908
326270
348980
319683
319996
319586
323772
318832
325334
335146
406002
324756
321811
317778
329130
317749
324595
323340
316855
322159
317693
330664
324337
320280
322118
326521
317251
316519
325656
322588
316003
322756
320711
329641
322853
320630
322097
331667
360580
318500
327681
331197
318488
323706
319149
324109
332095
319955
323681
318548
330361
323629
324414
331658
326617
324340
322132
317638
325555
324618
331898
324140
322829
329497
323603
327728
420238
338139
325586
329309
325331
324245
324903
329257
324442
330599
324605
427912
323014
322213
318812
324223
321932
323995
320373
319871
321776
318818
324768
321058
