307604392
303631792
295115818
292770887
293770738
303842725
308389015
277318164
298076369
298803340
302450840
303965323
293697148
291645174
292000246
272881776
273919913
307310359
275131987
276092076
302540669
304760665
306179440
316231518
317505748
297917690
298462728
296130451
292065661
293483405
289706786
291266379
274156769
267391481
268401938
294004275
292734518
291131424
292220913
300475461
307184702
308702751
296407123
294523319
293601176
283213409
281490374
294111209
294304332
272769629
271723169
304707803
295413735
293415698
292587297
292748297
288622434
293149021
292256953
291410830
292205896
317005613
308709040
307375075
300873516
301037333
269503871
297961819
296765823
299611424
299098743
299851344
310703799
309442466
297161406
297801508
294364742
308455293
306147202
300902923
278777370
280075800
301875178
302671018
293140785
293796276
298947935
305029868
306184919
316236104
306222458
306655256
306983562
304821788
293790543
284669730
282889631
290723927
291164433
302566770
307476345
