557109
438754
431978
440102
498729
417544
450508
561633
418164
448552
519666
491318
433578
419203
436417
520947
497242
413499
429633
443990
549785
414431
422735
423959
463492
432961
535095
429336
410421
509579
464323
461901
469550
512079
707517
444858
451292
407218
420877
470942
448265
525195
503631
411074
443172
465239
452797
549638
409822
459141
438998
526039
447669
417198
442813
431515
459854
469279
430602
409026
534912
437408
500821
422800
422494
484138
444311
521762
454410
426996
431966
443523
454304
447259
531354
466643
429340
440893
541630
534304
423829
440293
448957
453352
501752
440697
451707
501805
558612
434612
414912
447955
454906
536699
456783
429534
414543
455824
449615
529571
479249
