15154256
15181678
15159020
15149781
15132623
15109424
15155661
15186504
15162091
15135776
15128645
15117991
15104884
15160115
15246402
15134820
15187048
15138568
15166625
15108488
15113355
15134351
15146373
15152560
15160495
15170994
15130497
15346783
15164659
15211528
15149375
15148078
15156102
15217802
15155263
15253848
15193998
15116671
15201489
15188903
15122261
15161076
15109437
15220550
15180265
15192994
15139492
15156107
15156962
15178735
15141088
15103298
15114261
15137024
15209131
15121655
15168769
15150766
15171477
15166227
15216523
15155790
15095901
15167426
15143646
15610778
15103515
15174421
15112761
15173809
15119660
15192891
15154839
15150843
15176187
15154143
15247768
15118380
15172145
15149059
15183568
15178315
15169425
15180411
15123260
15199334
15130530
15642158
15316733
15139526
15176051
15200528
15152813
15093130
15248234
15120841
15253647
15133869
15150266
15107902
15113779
