393624
331198
322840
319977
324488
322951
330394
320511
322827
315660
360711
317554
320122
321144
334646
418678
326064
317464
320047
410233
396090
323527
317851
398453
323428
319492
321253
317696
329236
315218
319482
325448
331924
402973
317701
321174
320688
317392
324491
324372
318298
387231
325215
322140
320293
324118
319558
332906
319623
319248
318647
338446
320251
317993
326080
320243
323238
322654
317545
321619
322031
318604
329929
318839
346472
400567
325736
340243
320850
322843
330156
322289
323265
321869
369971
332248
323504
323947
319885
319609
319895
318929
327152
313162
319916
320805
320358
321745
318976
332613
318197
319586
325280
320622
317570
324888
322325
321510
324551
331545
320121
