314779375
314451988
295053640
299656717
300457591
295258439
303132090
305505967
312597402
311602116
303325189
306832451
310866133
308172456
306972120
298403731
306271417
306317856
291991108
298497190
316879858
318566948
314811624
291333324
269975056
273720890
298841204
298486137
292679412
292482396
303309729
316108843
314892281
307412664
310544682
309386178
316136948
316017050
301227723
307593947
308625706
297178321
294522212
315758721
295050217
292978397
295767413
294153245
290945183
303810284
302439849
319929444
308875270
309527140
312732237
313431598
314777439
302517294
304918290
308011204
289230606
287726860
274232282
275108943
312543454
313776825
320775402
309866545
310928312
281791996
269503088
268090302
301243398
302342211
300378184
300438412
312914827
303784421
305061891
304023273
294769904
295723580
308589540
308581333
314808849
319875744
318708492
309664907
302705542
302393964
309904096
307409033
309049743
314604301
311755975
305661131
272589961
270887454
307223961
307998094
309402857
