712837
657482
639810
774114
634058
672931
552034
631716
619768
676826
674942
649744
634567
662559
602588
625976
643938
652356
628384
617175
643191
645276
593339
630866
606556
637085
609050
647612
623756
697760
599711
615030
675603
670206
703995
779943
600406
658393
672706
601066
637774
636848
752361
668112
599140
623201
658330
636370
727074
594096
621303
610766
681418
635262
632908
677541
611717
626367
636407
640411
751110
594476
640110
516836
642898
610629
672420
606240
500903
727477
634176
721550
622879
627743
626302
632810
710867
656806
618306
601877
659815
659834
663831
630199
661391
674450
621673
594972
609731
648682
539285
756130
595952
652070
611154
717189
624796
603589
623548
624039
647297
