15184651
15132795
15134826
15132488
15141023
15131472
15108605
15087675
15174542
15117500
15128238
15159897
15144841
15142852
15148250
15158647
15186450
15122681
15149470
15155164
15143379
15118279
15166897
15133646
15115660
15180548
15243870
15196030
15120188
15108546
15123048
15207211
15139634
15137217
15138939
15227531
15247730
15126992
15195886
15128689
15167764
15189310
15174247
15145926
15129043
15192589
15160686
15250170
15125143
15202495
15155692
15139817
15173511
15192310
15167316
15099871
15210020
15207706
15154543
15137032
15171125
15158639
15156492
15177552
15105624
15033795
15247587
15267589
15138166
15180288
15164853
15086568
15164628
15129887
15196001
15172373
15121885
15103758
15186146
15123148
15189365
15118675
15146501
15186785
15150192
15126209
15106030
15232773
15165875
15195216
15156009
15103543
15128815
15176943
15142593
15086554
15169350
15166416
15229150
15177098
15149108
