433869
334623
346030
340629
342768
337349
381291
371924
338540
366679
338209
339638
340268
336485
338333
336221
337068
342400
342100
333775
335809
426976
330875
334548
350383
338207
335522
338902
341752
338038
435064
338995
344892
333814
331470
322584
396238
354408
317015
317605
323588
325724
319650
324681
396803
315901
325112
322358
319704
320916
409338
321223
371588
317922
412124
358157
322240
319329
333541
320777
320252
320384
319579
320052
323325
316186
320213
318906
335875
317988
320512
325425
406154
323594
319488
320567
319487
318402
406900
322251
332386
358054
315903
327143
328296
318987
318818
325142
352174
320757
327983
317624
331827
334580
320677
321529
322286
331663
325087
325787
322932
