345587603
336908729
366998417
333070306
317406538
321134691
326863982
333245311
332997564
334367932
318701548
320033429
328653448
329747880
327235688
327123059
327653157
329981633
323586883
323752568
330577164
325745603
324968280
327738026
323572780
324690279
328151239
321988007
321389754
326392401
373909861
373899187
337501386
371689329
354540649
349853993
340963914
344982302
341534994
341033832
336919936
341746961
341442524
347844836
325096268
326740108
335308363
334619438
332855626
322230529
326637552
325019980
323040821
322227365
331300524
330921469
330731121
337724605
332957073
356812647
356566842
325742833
326942997
330210165
333792530
324837044
327683426
981477223
330035536
337626604
338042237
386694904
329384074
328718080
330665635
334431134
332065221
322232371
335309119
333250506
343183754
365474991
363247879
326357260
334048455
322250170
322388677
337128329
332038475
336313984
341962027
334027348
338010972
317374663
322024064
324303840
360973973
340633257
339514936
334968036
348182974
