505827
324263
375155
320491
378864
321088
320166
324685
326431
321935
324811
319725
320186
321891
325342
399875
321114
321486
319510
429769
381847
327390
320829
325625
403630
318285
320325
321099
317924
324183
404757
316850
318397
320353
420262
323144
389896
313185
321728
341193
356814
417278
322806
318180
320790
342174
317157
325978
325615
323740
322213
329851
414172
398471
394748
323832
326966
322893
385579
330980
321158
323682
323014
314225
322769
359414
315929
325140
425995
316355
320142
323515
324274
316835
325720
322898
323791
315977
323944
321023
314972
323546
327393
320971
320972
411331
318219
324600
364657
316619
401970
324297
324245
318722
323395
416138
403012
330395
402999
427011
318005
