342708677
341410094
333938806
394428541
329693646
334163123
331477301
376609430
377199081
329900156
343081896
355311783
355838113
348791059
330531006
332087046
341364443
352394644
352761224
337779400
331390809
332984040
331852572
338574283
347927040
347944706
329589852
323055917
319952126
323205729
335778408
333202434
368571699
344183287
342200663
341871640
334326215
337804545
327603454
344491867
343607906
331642317
323201911
321698518
337800111
342116513
341494030
338475433
337229809
359958511
358233916
365565404
333169468
333129113
337566581
332028652
328956448
325645533
343954685
344570052
353583131
338877311
337473283
332932061
380394516
336399271
336293001
334704336
349222436
350059663
370477074
375072956
364941842
365286520
345737417
362699009
334322573
331520782
335751454
338266869
335076928
382577709
332982820
331769301
340572039
343820459
338909414
345312967
344906005
341528281
329637082
338405081
342466773
342657721
325764826
336461002
341341916
411346533
377659524
341871303
339993060
