389528
291763
360812
240277
354073
390537
240470
320367
300335
271759
328538
377619
256696
319504
290355
283906
399002
303051
282429
270082
315978
297059
294160
277707
311784
273972
304247
247638
257713
332162
345648
365211
267881
343353
283172
478444
283751
249435
373757
266988
240578
294707
285203
439426
286769
295828
376811
405897
281603
275740
337935
224704
270823
372750
248458
251563
280672
309837
279313
259468
275651
377930
257717
269386
267539
297645
259738
267758
384829
248955
257732
335064
433545
245419
310989
413081
411619
289757
286816
338109
335500
289501
322123
281084
345636
301302
238435
277498
310749
292009
247680
302419
404631
337166
295244
273990
338978
294034
278378
291517
343395
