15871735
15910900
15864834
15861158
15822462
15882695
15846839
15781910
15785150
16039714
15859308
15805313
15884660
15978585
15869061
15886775
15926000
16002425
15880828
15763700
15798441
15913352
15916173
15883729
15832739
15920327
15951152
15913644
15805124
15831121
15843984
16042451
15800337
15840185
16015177
15893551
15888177
15927004
15837038
15850482
16046259
15886314
15811757
16161046
15878131
15857371
15845916
15974363
15868473
15853226
15831229
15901109
15886825
15819795
15913411
15819238
15896880
15827930
15852142
15818718
15983627
15841166
15880912
15781262
15952085
15867818
15886854
15846684
16069706
15953134
15824047
15926557
16073918
16155155
16065480
15881606
15879371
15822464
15787043
15819672
15847950
16196343
16095465
16231593
16078496
16166120
16150053
16062258
15806207
16253741
16125664
16107120
16096089
16089574
15833477
15789459
15789673
16005183
15838398
15826421
15857150
