601261
524526
488822
595100
485969
486524
509891
567133
497851
515699
467455
506184
526426
472386
581134
490597
605969
527207
522559
512087
545794
544256
502922
479703
492170
509410
468170
465349
489564
502873
576597
469062
467109
480871
587043
512673
546677
475808
473515
505229
485727
558011
482253
456047
477148
472420
505699
555369
469867
501338
499284
523800
554520
467078
500683
489958
539286
551018
460810
498262
506561
474898
543591
488100
515782
528598
479691
484760
488335
552122
609709
473045
515824
489008
522883
486142
463750
470441
509015
484817
578902
476528
478566
468721
528571
493524
546031
491381
472639
480602
481752
493520
567123
549291
469515
468606
530340
596647
493867
465998
465868
