15172112
15154578
15121425
15120417
15188826
15138411
15124088
15130306
15213619
15183184
15127350
15172172
15161497
15181579
15197900
15153433
15201283
15159600
15169114
15142893
15098309
15174382
15128431
15132966
15128332
15111506
15241590
15147861
15166331
15129839
15177326
15122588
15192863
15178696
15279282
15144336
15091260
15098254
15163818
15195985
15162010
15214866
15210013
15198481
15159057
15154440
15145580
15145850
15179263
15143046
15157936
15176111
15191100
15138768
15104009
15169592
15116471
15118434
15143665
15149267
15204458
15185142
15159569
15198304
15184614
15110879
15190605
15141026
15183782
15162589
15198110
15147922
15134531
15118887
15132581
15170578
15127406
15150251
15210906
15187005
15181950
15132899
15136213
15147215
15185011
15126807
15107179
15212995
15207233
15190277
15155317
15117585
15129196
15161579
15134368
15214656
15234861
15126978
15114493
15096817
15137477
