479219
481817
332493
392897
349906
413524
362659
330639
349426
419453
327037
377228
343172
378759
420648
377017
334164
466778
329401
386191
398053
367065
386740
420421
330078
386523
406630
357295
328239
342795
326793
360617
332218
394534
335737
397920
397497
387733
423046
398089
338135
410526
409487
388079
382589
417915
408434
346699
398425
407308
343015
395125
449030
361849
392652
403336
327843
368982
388793
396517
371125
414770
318503
333287
329709
422654
320435
391227
330613
329509
355220
324464
362477
411612
397886
423344
347274
412555
402981
329797
332467
333306
403511
407569
335732
335739
407868
381007
408593
341342
332511
340221
391759
329310
425644
332628
380834
413663
320123
392000
326763
