428783881
442463191
445023587
429506381
419133210
433268602
434040278
431511940
447676709
430748083
413346216
414233431
433900538
437667473
426689780
418536595
458477303
439430711
442095698
436824745
461401986
439555245
493031479
427421746
430080137
441337328
424603764
433518075
435536306
443925060
422406386
409672855
480461824
433093330
432043374
452015887
423550925
425805478
435900884
442965957
435291617
417817715
425196091
433687111
434328470
435867663
441177055
420282030
451600701
424662183
439129255
431596171
428196629
426891510
448821744
391314562
453557813
453311875
460468176
433361264
432681813
425166365
425025625
456224300
441228467
443004674
445574305
434643716
451364661
430328887
428130568
429811941
425428265
422939925
428179658
427207359
437560068
445851772
427957002
427399144
424709849
425428682
420538900
440582117
451163070
445647938
456896375
452260836
452582350
431385214
433246294
438360266
434768178
423304793
428830438
418160448
419274336
467003955
463365551
454518634
435258681
