424676
323105
323432
326067
315368
381564
312824
321152
321298
317790
348675
321424
322193
324883
318173
334334
325000
320311
319216
322617
335248
327838
322561
326458
323307
333230
344607
328953
353355
341782
345251
322797
323264
321862
318208
325996
322511
320431
321952
317445
341379
329530
326562
324636
324983
353899
329255
325107
321490
317774
400263
315874
324174
321876
318189
429077
325917
355860
319766
320069
320631
327986
323907
323530
318573
340628
318197
319696
321667
318972
326117
326635
323354
325673
319410
321987
318815
331950
322889
357402
322290
318894
336323
320379
328905
331284
322374
325982
319339
324740
325198
319662
410977
327114
322828
326861
332939
326469
321621
325231
327818
