309040981
303555878
293869183
297037591
298050734
302861556
303742627
302765885
292992273
296823793
306715889
279350360
281552271
293500035
295684209
307599946
307453598
304882455
285821223
286916934
302514546
303149205
298199967
291987772
293236389
291010686
293295900
306379398
310839472
313584187
299567601
303805197
302524645
286188370
287848371
300214885
292028685
293758197
298657262
298841523
271620945
272973636
291758837
300945317
302983522
311287523
309388059
302457803
297161960
295699934
309622040
309527071
313856216
266558417
267021890
299373314
300924702
303701957
289945075
290261109
290289308
292053215
303486677
306100922
306592769
295308963
295992941
297779328
295769819
296501105
272612209
274947355
302817761
293997430
295109766
289887835
295393467
295190368
296454615
297372879
269614450
268924047
308071983
308673475
290964688
290786755
289498518
276363158
278934638
310629442
305697587
307652295
291859124
290778478
320085111
288342857
288351710
282379744
284046960
306403738
304740702
