436006
401355
404095
443920
382692
383633
331839
406872
422468
404115
347662
415074
323249
330644
384914
444855
436642
324791
335105
373592
464013
322488
322261
328221
363150
371323
398213
335099
320905
484357
369113
414257
357396
373810
428051
327885
326767
348906
340515
371476
401990
395518
326731
410889
419869
355619
332060
367545
402271
424336
436406
426925
336207
353125
325569
353481
326658
325428
477827
405709
335640
388517
324578
409269
364262
327020
408710
394679
330553
351988
374223
433195
341497
330805
367770
383509
413659
428344
326064
337351
333187
385811
323172
355788
324463
389247
362216
336734
365423
432896
323361
435831
391392
426481
473243
384481
365405
402492
382409
416322
414694
