417646048
376150368
372542718
393907446
375916745
400635906
376693658
376047957
396622187
392265874
398714408
399476584
390787427
435021202
398596066
379422388
372863914
373145250
427226243
392808479
388902120
390214990
432223639
443180232
427593846
423288638
434591176
383697797
385353246
400089833
438241217
442067506
386212332
428437639
431841805
392239728
387439576
426326851
397970556
389400123
391323156
410258364
397793413
404615491
405657268
408869440
448366181
405449920
387249946
405849601
448164343
438002250
438472681
450774640
436191737
416531176
435146347
391183036
409047696
413633322
454599813
434661971
396750685
454688782
454869753
436305262
453226911
389642786
388404733
430032037
434302746
385802665
403099164
405580229
407052580
376601065
389310295
407645030
382430994
384160566
412215732
435604753
403181115
437726152
391966083
388953402
434670952
399355597
382065802
406406515
408655592
398705968
383807834
435404229
384838149
388319121
386963646
404360666
447832012
438636310
444312657
