594642
521211
534877
478242
486163
529704
484745
451832
484279
638533
489647
482556
486708
464916
508167
471164
511252
481004
459839
491177
474059
549141
455496
497800
533066
525238
481330
492812
534799
588497
595809
566984
579816
429597
482809
537488
446721
580557
563376
408195
476146
495996
587573
409831
471229
475719
538186
409685
454402
478227
609493
437706
446180
477615
475784
494286
460070
468810
487699
492340
468208
457846
469586
487203
480088
469147
492873
629166
470385
514122
537596
552864
459772
482461
492261
571696
480289
462736
482453
489913
537520
456997
474590
610586
608064
472875
482777
583041
451568
476000
534628
497130
476993
512250
590417
437797
463224
476328
573051
415193
466965
