15816170
15977944
15809688
15899229
15789390
15962086
15855639
15774063
15782677
15915543
15776650
15810860
15901817
15976229
15946337
15859026
15814073
15917658
15831048
15836131
15767198
15912299
15775535
15772946
15763065
15979304
15779493
15784462
15845090
15859007
15936964
16126166
15891223
15834458
15861098
15871043
15805015
15868775
15985613
15926322
15819337
15841416
16008227
15873642
15854616
15825162
15995328
15871919
15844092
15810819
15934459
15823434
15758203
15759123
16011601
15915663
15975401
15800846
15854536
15984522
15873217
15811046
15795643
15885036
16015682
15807293
15776276
15913914
15763138
15803864
15820601
15934240
15852154
15798687
15854067
15849427
15834057
16028653
15795020
15847418
15949363
15807914
15818619
15753763
16012216
15844098
15870623
15824179
15906798
15961775
15856069
15882118
15817444
15901510
15841649
15905273
15774112
15992019
15827583
15884926
15844278
