753524
686716
685019
654890
637174
688250
667872
646414
653316
662043
660499
719460
637188
677818
769536
687419
659937
657425
766432
637559
666409
662913
726496
678999
632646
645244
678748
801220
698724
645285
642822
653247
623063
682031
640335
790700
660420
657939
626300
656708
653969
751312
666261
663144
650088
635329
654815
666120
709427
670750
635629
667544
664357
726825
780818
667714
669630
670822
668093
637984
671233
655319
705277
704234
651029
653965
764057
682481
655868
661508
672413
728601
757346
645790
761207
667504
791252
634197
708864
667100
735751
686135
647424
703967
666203
655652
696993
643303
648817
673381
638966
651168
639362
645625
639242
689658
650176
697487
672239
673307
655575
