15191348
15222109
15208350
15177075
15145156
15131466
15239024
15163022
15122971
15138682
15218767
15174564
15169924
15176394
15170546
15184676
15154866
15161652
15139696
15148569
15119507
15149611
15155557
15191104
15121734
15160963
15178641
15135782
15180901
15174870
15156444
15151491
15096915
15207893
15242750
15210223
15147804
15196748
15161060
15182882
15180510
15188059
15202940
15151133
15221790
15156338
15228304
15151858
15168231
15167997
15192269
15115769
15165813
15100853
15206585
15235881
15168853
15144583
15157529
15221541
15150651
15178234
15117679
15148516
15147684
15155635
15159437
15175631
15192467
15215146
15190073
15124213
15234548
15208346
15219404
15193665
15153240
15137736
15154191
15150608
15104567
15237199
15145691
15108847
15156314
15147378
15151516
15137015
15150563
15173178
15159922
15145614
15135432
15244498
15183930
15129855
15193862
15211827
15133094
15161752
15150943
