399800
390086
349582
377826
434573
354911
320612
354526
384883
371817
325958
387399
370191
393438
331061
346480
429960
398421
337711
346108
320379
400077
360836
385997
374105
324739
320466
352346
407424
321772
412176
328140
398297
406515
331099
400250
408061
335420
417657
333778
330083
444607
399909
325308
366693
387353
453479
390451
433412
347269
397675
385139
393718
346896
378101
329784
371540
409712
327960
359534
387895
403217
452393
437695
363341
316131
406684
326453
329446
323113
415126
436395
424046
368221
321244
323447
373119
323078
394660
388420
319297
366007
319925
364175
379574
409375
404074
664197
430433
405907
416227
417059
383094
380884
319962
406765
388392
432235
415519
406673
496975
