492249653
446493005
431720522
455404010
442490209
440853832
494131187
442428101
458642603
444967092
484944992
450505902
458619374
451101884
462818090
440964301
477755896
450870354
452144732
451428620
445644035
503039022
497229761
504779950
453227885
455398803
509410536
452190183
447452904
465875982
546526263
489487006
452030013
437686063
434040973
440622773
439515456
436432821
438157682
436553069
473848153
455192251
439747143
453121821
487450797
461239695
438578142
457728425
432071946
443777210
441447323
503512362
457275387
444002631
439664254
496991118
454060630
505465367
422016954
485550173
426479672
441109127
437861380
494919998
462926023
460659556
472757347
449886973
476105821
442169471
437422016
444404815
442644930
456555512
488597821
444970454
430928980
432879244
463138491
480882480
433989171
456780521
447055481
441801910
451900879
447846785
444100057
450192922
466528834
467330387
455743937
439796519
462542772
427123123
498304488
455246751
438996328
461538277
442627313
443469967
444678285
