615986
495000
520442
514701
561238
481466
536467
509132
577493
508404
401238
511746
562867
499410
539820
406476
601467
376311
410830
402454
399871
564021
451477
386168
389041
407155
422231
457862
398912
402195
497426
382815
526807
424000
414667
611296
380095
505181
528871
430585
380892
494394
519442
400453
426332
454277
492733
375708
502811
508120
583481
515460
391564
528621
534036
480820
481558
370683
382269
559806
523295
592862
379306
380107
505889
505666
561803
367866
508106
654250
418252
518622
493353
494128
391475
389070
405796
390669
618700
495515
540011
404520
565553
466751
387690
383228
520579
514439
452570
494741
501348
394594
527060
539529
545482
380144
594083
533991
570979
521483
396716
