15152506
15259534
15163743
15186116
15173517
15143138
15193803
15157485
15119707
15160779
15140393
15156256
15202690
15140240
15206214
15125158
15199977
15101658
15190926
15156219
15189540
15148701
15141901
15442892
15118326
15178110
15116845
15215919
15134633
15425299
15162867
15190358
15171520
15127577
15178343
15151986
15200928
15214793
15181521
15222288
15165287
15159356
15119984
15225525
15161287
15200944
15163544
15197025
15188117
15175902
15171813
15155495
15166273
15188390
15229970
15170918
15140923
15159599
15170216
15172184
15139334
15199069
15131408
15313380
15127058
15224666
15158906
15119169
15143205
15131415
15159279
15107014
15183452
15135783
15203772
15127092
15131278
15174608
15134130
15124405
15108171
15208382
15134186
15127080
15112350
15166734
15164041
15126573
15185290
15164885
15241599
15161028
15215165
15214850
15177844
15173229
15170406
15114813
15153374
15194824
15137810
