897971
775741
766025
851051
767427
767098
865163
823666
742800
776253
760303
745810
769063
868977
784837
770706
763034
824443
747724
751657
753880
785143
779579
743913
759040
759955
781995
807877
758680
737478
760065
831422
781779
876162
758420
800437
860093
760068
772836
766786
807966
833912
826468
756413
780223
764712
800525
791745
740049
894153
827477
755756
746608
782465
761036
867291
826810
865641
838989
752098
758160
791837
827002
730998
799491
772818
771150
898874
842733
768850
758329
770424
764077
838525
766292
737648
867095
780089
827396
734037
745836
763244
785055
859647
788901
735361
749272
773150
765039
821596
779710
775390
764278
787891
840035
746643
792411
786380
865018
736456
797243
