15108017
15216456
15181846
15145328
15174742
15148320
15143851
15155380
15134274
15112027
15135801
15123155
15151802
15101489
15107171
15090001
15122934
15132101
15116523
15148059
15148227
15127331
15114711
15176718
15152703
15141229
15095385
15125892
15126912
15120445
15112203
15152513
15047650
15249343
15157797
15172613
15134486
15137467
15135068
15125950
15096095
15065455
15272185
15202237
15158429
15162739
15137720
15222151
15149949
15090253
15143903
15134656
15120149
15106324
15165341
15127022
15001342
15216133
15142031
15145880
15156105
15112419
15167516
15106756
15240889
15135775
15124306
15096123
15041522
15219887
15137005
15149219
15197712
15163576
15160547
15153247
15100191
15170113
15178923
15108519
15113172
15194297
15157556
15149435
15106170
15175314
15144617
15119156
15132875
15171877
15202758
15101774
15129219
15106312
15144521
15097691
15118503
15164744
15138294
15114994
15149614
