397654
336994
331303
323204
322270
346447
325568
319431
321169
326616
321974
338539
325613
327537
328653
406196
319122
336532
318157
328603
323124
322821
328190
324859
335426
322741
326604
321985
336308
323475
324246
408925
326255
317990
335812
339229
332073
320961
321628
328064
321516
327106
321699
329342
314487
329611
321327
323957
323790
321979
316211
320794
326423
321457
326805
329373
317476
324124
324318
321422
321082
322162
320038
335733
326238
318013
323285
327096
319440
333295
329411
320326
324314
330514
347164
318758
317873
319475
336338
320377
318472
323226
322072
335101
325443
317072
335022
324704
324483
329820
322840
321564
321898
321898
323042
317752
326759
323377
321652
323494
335151
