350493290
315931561
316372991
337603733
340049932
325072300
304258581
304931131
321695108
327437148
328408642
338461197
313816355
314547287
300276641
308250949
309557951
313740578
314999385
344662463
333286512
334236285
319695054
296765156
297770610
351996772
317615018
318253914
307847343
330015148
329724975
332158498
364393575
362728462
349431942
302476155
300592837
318826492
312464924
311247520
302575155
330974217
327574727
296442657
297256740
329490641
309449390
309828292
327465325
342152930
342917433
317287035
350355754
348841478
348255657
329850187
330022060
319125539
329961050
329538803
314072078
357379015
356191286
315654946
323272236
323883163
301807797
322053267
323182103
359717672
317116715
316413866
334779105
321784991
322662305
332257820
303726414
305519540
337479260
306603091
307129922
311382480
309761841
344624337
348580898
348097415
393518810
355103309
321185928
322481949
332405491
326419065
326986018
308565878
354141217
354897976
345130890
350948890
350912582
322500149
321248511
