328789
247101
252847
253671
275588
299725
255979
264499
260458
220094
337849
272289
262815
263977
325193
268060
238989
316110
303010
247225
255295
225750
223580
224909
252919
272643
293842
219712
230220
226004
245293
279560
260290
306333
240987
248634
225227
239793
373935
351678
325708
227694
304848
240259
246418
247278
382878
265346
247896
320250
422721
257480
335991
239752
220572
250764
226568
223822
342305
239628
352824
259391
219088
241388
252513
265024
317345
227368
311404
244239
337944
289307
225778
222234
253107
241380
356174
312608
340128
405498
239501
252099
248882
302350
301052
236853
249636
261989
244750
362305
220339
321235
249191
246886
270058
378572
233184
252183
236878
359124
290836
