15221176
15186850
15179689
15159711
15205658
15196569
15161394
15111536
15168366
15133129
15180225
15127420
15158292
15159436
15134586
15129493
15181055
15163769
15160930
15152311
15121653
15149110
15185482
15146410
15169022
15162997
15144936
15194431
15139049
15188864
15239967
15187383
15148094
15165900
15211477
15157578
15228738
15202029
15134506
15214143
15132979
15196519
15140331
15208281
15165425
15134946
15165816
15105868
15161157
15140948
15158341
15168983
15220845
15241464
15115925
15347825
15158301
15178121
15191474
15200639
15150178
15131961
15136721
15175531
15174060
15131022
15196454
15103567
15209522
15150831
15107643
15167262
15196873
15158439
15125542
15212909
15210857
15219026
15184824
15168515
15201673
15165856
15173076
15168324
15153139
15212950
15198827
15181180
15083204
15195931
15225625
15201299
15168832
15201147
15191908
15224886
15152532
15180735
15157292
15205882
15185661
