389812
327582
331531
317203
359405
336973
319566
321143
329881
327066
320723
326266
339229
326236
330881
323486
368074
318283
324181
322660
317457
333335
324791
318424
325761
318714
365384
321825
323810
322202
323925
322403
324760
323847
320547
328105
320399
319507
323818
317131
330841
323184
324471
324304
319651
332391
325975
318962
321084
317645
327056
335686
333607
326320
318813
328430
332530
320661
324303
318447
321969
317952
337009
324884
328255
323924
331653
331970
320415
327627
326696
320488
323151
404605
342128
319296
324510
356845
326951
325823
319045
327050
322487
323208
323361
321684
354804
315253
323068
322154
318267
321156
406695
322868
319499
444657
322621
324518
324085
322574
331378
