273662779
272527350
263268340
263706088
296965570
262392416
264125652
263888636
265306056
291180091
292077199
302249832
303683998
263467915
318255941
319889021
304356839
304869527
294760289
303857505
306196970
319328790
301793607
304342116
289657543
291474231
262192348
263371401
260866811
292421050
294169030
297383148
298260781
290265058
269822826
270851808
285945164
283426646
301939178
303385961
304321321
266440971
268167802
300736104
300283876
309906687
306607793
305459937
295718270
297698852
315096499
270546183
271616431
304672642
303995211
295918637
266032299
267525963
290308757
290281476
267808648
268921295
298194229
298675259
268144099
267553817
269341548
314803329
316718960
300754368
295715963
297060139
265161197
266929137
300559391
299021418
268403721
294010963
296137829
295470550
294799600
294063696
256566391
258313615
312247376
313602813
307684327
307712130
272291713
264718445
266060928
271191938
270290555
264229964
266471192
259147238
257875134
253558514
254889544
298428266
266641612
