585237
476246
508093
491154
548928
564998
500728
501516
519556
600135
500905
593060
503819
491970
478144
509705
494202
552106
586429
476562
489358
505430
561075
500834
459946
464920
490122
573230
506343
543574
470647
469769
484200
489067
552671
552602
510950
463420
489091
485612
513249
560585
462962
464470
582318
594132
521252
462094
467078
496293
487433
487989
462222
479687
543805
482725
508723
528628
477997
462905
494918
501201
496640
545775
501066
484103
508322
487945
546062
486949
468847
474478
592079
506705
521867
476003
481972
485455
528442
489459
527453
491760
496359
488588
520123
525461
535885
456995
478290
496000
589837
513851
457005
472227
482734
495416
503642
584406
508293
566178
492326
