15124601
15177466
15170326
15142090
15177831
15135573
15114784
15135575
15218170
15275810
15133860
15087283
15150468
15130309
15186824
15104919
15207863
15146657
15125330
15155243
15129304
15148882
15112195
15194628
15147114
15223617
15159160
15188773
15167760
15139320
15203016
15130745
15190635
15174162
15095956
15114294
15106473
15155599
15192662
15155744
15140930
15121726
15154244
15219523
15220470
15186555
15163314
15176959
15185871
15173095
15158214
15142764
15214484
15123282
15173680
15182891
15116542
15169517
15119126
15163689
15105163
15166756
15125066
15104008
15088795
15159795
15227257
15116310
15187221
15096705
15207341
15206827
15143547
15133314
15127447
15184000
15148035
15187530
15166607
15098924
15161615
15134644
15230923
15173002
15157814
15106717
15157910
15136027
15253192
15139675
15136657
15149559
15168725
15214518
15221439
15181124
15144487
15151851
15175095
15182861
15164788
