399089
392033
371885
392537
318255
388407
363183
408751
320665
396074
388209
393253
392241
339283
417537
398668
413253
392865
426608
399429
321148
396958
393579
413272
417253
316917
366889
354469
381460
320776
403681
332123
423370
404020
386934
420036
397838
392326
373275
338208
401652
321342
433940
431760
359470
320160
344548
404935
324445
411451
380240
387473
395123
421218
390048
403769
381939
370997
372813
357405
398732
378575
383389
350901
381846
409192
384749
387783
331248
327831
427839
410236
374017
379225
375348
334341
423496
328319
407700
321757
401452
459308
319093
386820
381618
361654
386934
344832
370044
326165
402422
438627
320044
410346
407934
319313
396404
403807
387084
328637
328405
