316203748
351176751
352018788
372481880
333984154
332715403
393306026
316543273
317714568
319781946
355511742
349352181
348781945
351962744
374732727
373592813
356619364
314985694
344070920
345702421
349436021
302853971
304965122
341128907
309208514
310259744
373786772
377069878
374632592
305080983
346695143
342597942
286094504
363594821
360973144
310851514
337206557
337338398
379561424
365621266
380175239
381833308
299768853
339038895
352174911
348172903
372724589
305466654
307320045
366887533
330800903
331624244
378889764
335163621
335800849
323920892
382707358
313520702
312667527
368232070
324184013
325348060
359971805
320202489
320532322
375005597
371411514
371606972
367641701
376151552
374379656
375413768
329662048
346027255
345768923
344346388
338828468
323769749
325620473
350790712
340553188
340423905
380153905
339428515
332809457
331296392
344515783
359929876
357786736
301347851
370299480
368939856
320975170
314670907
315970888
361842791
327140871
338060342
339663195
312913238
381526446
