396953
334006
328432
364771
318582
320797
323422
335982
320172
323898
322127
328739
324012
323749
320297
323748
321922
322630
324195
323818
320229
326499
330976
318212
344849
323382
318416
352330
408926
325813
330371
329153
318581
320754
331267
318358
325734
363444
315552
324800
337326
322755
329685
324374
325948
318879
348592
331401
321835
318031
333907
319277
323741
324922
324819
323772
326038
326294
321116
324361
325756
354994
324423
330323
319530
323794
325551
322637
357548
321265
322296
332963
326692
326568
333945
324867
324868
354019
318610
320902
326258
322275
324235
322567
327892
318473
324699
330263
319937
322759
334250
317185
324291
451496
322444
327161
326181
321542
330852
327172
327274
