329120666
327043187
335572810
341835578
342405039
327792711
323584011
324372590
318785592
322227425
325060495
327476036
329265061
331731747
363234917
335396669
336480027
344047415
357553345
339972263
340438264
320118886
345916495
347341554
362538954
321642832
321578758
324568717
323476721
326044357
351568830
362677842
360285688
341242833
330067595
328670278
341141566
330997750
327779575
341668556
330307424
330439232
331032123
330049925
365803430
366107797
329015065
355073579
355707544
327990937
349247986
348384296
327260436
341638574
324354650
323514338
358386572
331346692
331781613
320589144
330883220
331114868
338978365
330985790
329217505
325149185
317690491
318468128
328379363
325768535
317711591
319161219
320563032
334984906
320640645
321191654
346787146
364389818
364530101
333288924
326670712
376965197
374876187
327757799
338230493
336469121
333972453
330563859
329361459
324997803
334303907
332597771
331792535
334436447
332748558
325557535
350572521
333637750
331990695
334378995
338107277
