402125
339379
320653
353074
317354
385338
382508
325563
328167
406620
396828
315843
366215
386367
322380
355746
368393
323499
429181
368358
397946
331829
378755
366184
362317
398686
348034
398184
334327
397570
378865
331450
318724
380367
331162
381897
323640
319442
326019
391975
320381
334850
356566
385890
319801
382391
349464
385463
327351
356652
437439
335620
379791
326936
378369
439914
315824
389715
322794
318047
319651
324069
421024
324190
350155
328340
410712
353590
379891
382262
327079
323182
326144
373362
320255
391090
382612
349166
345151
328214
371933
438943
331824
419099
322172
369238
356137
336215
338263
397851
324258
377391
393907
374359
399761
388074
361527
415423
407450
394978
323717
