411139651
438773655
439357198
439379207
433689750
442473609
435850693
429168627
419875943
421896083
427992405
427681257
419825651
459202289
434204108
438572840
431000940
449027085
451906622
452922421
408293201
418639510
453974367
436871780
439769879
410741135
436737075
438203771
434206901
416399610
411684232
419637605
427572927
443821227
423009846
424229237
419703809
417719788
447219899
450503353
434863563
416092207
439337603
436897451
447789478
445155259
418946537
452233552
427688625
437910626
417639608
419949436
451331775
434502992
434381249
445725677
450068303
406854258
433676152
437608104
436263577
447741859
414622032
450596065
430154580
451597245
433295644
439860795
431416502
430886804
429194919
431248720
442275413
416645356
427997654
434643852
422913927
423336422
416554423
444469956
435081881
441392677
435103195
447513380
422162868
422886782
436255478
424374867
444138451
434694014
463749296
441682608
411687318
413379803
428781842
475434223
411753211
442657123
460133172
476048826
428309381
