394293
285047
290547
319282
271934
316401
259012
285440
284041
353404
248436
285344
307366
265775
277154
293356
259552
283791
361284
267745
256628
312689
320522
285501
270437
307696
352780
267248
316423
285034
339329
244184
283250
315152
288294
282164
250891
307189
287822
341030
265493
290953
325988
293006
241086
266626
282951
313389
254536
318152
290988
299341
282763
257184
288200
367941
265540
255716
284831
303488
261622
278157
277849
335381
238994
280827
268458
362785
257259
257840
272110
286695
408172
248680
298289
402397
296776
256589
272954
344306
238407
290921
279781
307172
278307
285639
290068
389507
270954
267874
381914
349228
233979
310396
261869
391247
329697
374539
307561
312716
258390
