15831159
15815653
15830155
15995436
15830488
15801146
15861763
15982010
15775785
15819155
15744402
15920439
15934928
15762861
15819284
15997600
15757662
15812044
15807294
15967326
15874072
15883524
15872724
16001472
15837896
15749140
15757486
15851729
15927187
15822762
15842793
15853063
15884691
15750690
15973073
16008026
15828286
15782769
15858292
15780303
15793024
15869203
15790691
15899212
15935099
15910417
15885732
15849211
15943300
15866088
15805206
15912908
15926754
15822579
15861415
15870321
15893560
15863702
15827540
15868788
15842075
15916691
15735245
15831380
15818523
15951861
15844547
15782069
15810220
15943112
15870779
16174684
16103589
16054880
15881642
15775852
15885825
15797227
15974515
15810459
15931245
15792204
15924878
15872127
15876035
15820982
15929996
15859535
16119018
16056073
16096569
16290239
16158963
16099223
15896379
16072645
15934079
16111880
15989834
15846701
15917404
