447291
324786
449475
413880
430412
419291
325960
431547
319480
316424
394569
372590
401636
317726
313834
363026
386820
378846
324000
397429
330249
416895
441126
334623
327068
317632
325375
316559
322110
378981
395167
319460
339946
349188
377311
388134
334063
390996
448815
411774
338186
339335
430677
413872
325306
390050
417948
412096
379859
390196
380239
411973
321466
408568
328526
319451
399887
424298
368544
319840
434000
436857
426144
400126
433425
319902
320339
346642
352747
391547
410428
327331
399674
319231
355324
367736
383247
319143
417585
319596
375416
419883
327199
352253
450500
373281
319148
367784
333584
411609
462468
356433
416636
349773
325912
325454
351855
353601
386778
316545
377455
