298962900
294883921
291198475
299988777
302766287
345542860
297534392
297508714
346852970
278793326
277849210
284035638
286266445
288692869
282651208
281130486
300949860
300153682
327418795
327630282
287600566
283361698
284183014
298289077
298816835
331265188
287484979
285651539
280489150
281113506
290225315
350480374
348837360
344145461
278424346
278340258
302288476
304312066
358164055
343383876
344404986
294249777
331917833
332870083
302219958
305089019
304275930
304284811
314174437
311759948
293835700
292185888
299264219
341169309
341054932
292616073
320292404
321104375
349612919
306574273
305841243
313695560
293561830
294864137
309180213
308362225
345912649
290169708
289749124
293243481
290866790
281202363
305335010
303447038
294293019
290610237
292662301
362301463
362658428
331604514
294528427
296274373
301790580
340817864
341278932
314893414
365789231
366206808
372215024
316161652
318104425
351522121
297662324
296783090
318978028
331734640
332217032
327609655
297391019
298541445
298385236
