534352
384356
436442
397176
458890
384341
382267
456983
418739
391122
393728
468213
464955
408655
371720
392058
382770
494958
364534
380371
406767
400824
374177
530113
408425
458359
483699
388666
386224
387750
432882
421571
358868
368095
423675
488497
445248
375094
402170
367625
425229
394141
443040
445486
357664
396974
433542
398640
444786
395333
375273
404478
393307
474278
442800
382426
365567
428040
480681
430229
370883
370609
368049
390966
414186
434264
395235
479895
424767
385720
382116
407493
418905
392880
387424
391435
467351
362224
380898
407393
390008
461794
384116
363762
432927
475619
487078
393607
396280
453382
545466
363435
397263
397387
403312
431534
365881
406764
433328
404331
366553
