15234672
15188575
15174487
15149278
15141029
15135500
15168098
15168331
15131280
15199069
15130199
15134207
15143091
15180439
15094936
15101522
15215722
15120626
15130638
15117904
15286671
15128780
15127147
15193587
15147063
15083446
15194272
15166990
15453085
15181515
15152957
15093822
15117886
15239752
15226572
15253730
15177227
15076694
15258442
15178399
15120026
15166657
15139319
15290416
15182600
15182449
15246039
15097299
15132863
15110298
15136079
15202826
15194168
15134880
15138770
15125068
15134332
15174546
15091946
15132118
15098955
15170561
15136463
15200710
15140503
15118430
15124776
15139967
15184680
15154420
15230487
15133387
15158888
15126233
15158346
15131578
15103570
15092434
15107056
15196941
15125940
15160317
15126891
15149263
15140660
15150184
15080290
15215975
15214235
15111242
15096713
15118994
15145789
15157027
15093974
15156812
15138530
16832519
15145815
15234598
15146936
