393499
326008
319248
324326
324745
328036
374353
326246
324978
341170
322794
354958
326797
322259
326524
325551
321120
329234
325910
325267
327142
326701
324765
322277
324424
324387
338979
323599
325706
328181
325090
325933
327750
321612
325467
324469
341345
325726
324603
320812
314743
409661
333637
323602
330032
320462
327954
325072
321865
363058
327579
326588
322227
323917
353481
321822
340769
326042
323798
320513
325836
336854
324161
364718
329632
323955
362539
319877
330488
324545
324628
321258
367437
323116
377790
325223
325508
325654
339367
323915
333469
323489
320021
415708
328174
321554
323935
329105
328827
321569
323482
323444
321604
325466
403937
316395
322750
346230
328501
325553
323947
