890167676
323751881
326407193
909735755
927710154
921130746
952005261
302136369
939752299
927063725
356197785
917784846
330968394
946663465
948747132
350105785
860484381
317966744
887400481
348979042
936100830
347200825
329968242
988948078
327982874
329638829
346748496
317497125
318714003
311585219
350675804
352080415
877252697
941305050
360948495
929372931
895656137
320078323
910940274
311626947
312212229
979031149
346515721
889280723
322612916
364487704
342856487
321380270
320008978
318891161
319086130
901135526
910766852
913004746
913365310
360778336
361378865
907533711
318289208
320455435
943921309
919361441
960391489
849691711
349302070
321903270
336114356
333334199
327555539
947700793
320334225
322312400
318226564
957908034
937510912
907996366
339164384
349457491
918980419
964745021
355462539
353579697
891234946
873577771
330752618
328587869
884140157
322838646
326364851
882240454
888435660
894214417
319648397
326209212
333988744
329812412
897379975
323063596
323598792
332895036
909809404
