1014725
726323
750067
826952
737769
776249
753265
791509
724482
755549
745525
815783
721008
383804
756653
806819
723250
731579
760326
770246
725381
731843
720125
754250
754616
725625
729940
737149
749478
845933
804750
714330
706406
735824
713369
860778
775969
726301
711241
748766
744265
832921
766472
733552
713459
815173
726664
797336
735260
734099
747343
743356
832969
847875
724103
511900
758837
800050
800371
731290
736910
750371
751172
762905
751630
779622
846247
742560
724529
742267
779587
838405
757196
717438
709939
769911
745579
748516
770092
723995
733425
739696
751065
790359
903516
730977
785198
795051
797718
793289
727057
752128
836842
800867
741283
748967
769820
806038
719985
883172
743291
