15183093
15234699
15134493
15136758
15159510
15216619
15164270
15153115
15154662
15206432
15154442
15149980
15125491
15215106
15177816
15113346
15188184
15198587
15181129
15155990
15152473
15116602
15231326
15171289
15148538
15146954
15176614
15199717
15159518
15200478
15030081
15179591
15251364
15185362
15193991
15171478
15165226
15147637
15173566
15174941
15213190
15192963
15150660
15178985
15224497
15248960
15152102
15134615
15166236
15212058
15183714
15190267
15160407
15136455
15119510
15153218
15172995
15131024
15186768
15111133
15129241
15192946
15193221
15185960
15213529
15143948
15169624
15162158
15166837
15122991
15102173
15174976
15166649
15090543
15241880
15186100
15141356
15150266
15161385
15191031
15247924
15193628
15160971
15134921
15138464
15153262
15204934
15196012
15110796
15187689
15175800
15203629
15174120
15191177
15143225
15171867
15157356
15195089
15107651
15228816
15166389
