502712
412858
226979
264488
287475
369467
418941
258604
283355
407380
396908
409196
225540
372693
390293
378260
411050
520887
332204
388120
391503
299145
395240
354882
369296
397385
260865
445277
390861
352291
239892
390956
368161
463937
240271
348592
410336
477545
308962
383297
367894
368563
381606
398597
452986
342872
372250
403428
389532
476092
389675
365062
370642
388492
489557
396944
437184
395445
374101
395313
399292
404725
525967
396103
365920
391711
402454
400570
355933
388548
247812
394171
327057
357762
372547
423212
406942
450209
366756
381004
367086
361499
397499
362742
269289
390169
459157
425588
390536
446452
398381
365444
374399
417491
387489
271800
367345
366617
364322
400349
246001
