15160470
15189980
15214500
15146490
15205059
15109292
15154485
15064959
15236287
15124465
15156319
15195047
15148617
15180571
15182392
15256589
15211066
15165597
15203786
15225085
15149542
15246877
15171138
15235640
15158612
15238076
15207175
15113074
15209554
15167804
15711055
15199080
15203636
15145152
15283992
15227717
15137078
15256782
15140019
15203986
15196985
15185759
15183361
15232329
15251074
15196337
15152201
15233406
15192867
15215729
15228607
15137496
15290580
15163662
15198624
15176859
15178176
15135610
15202721
15225481
15142279
15281760
15182670
15124005
15184236
15182858
15199028
15191937
15194717
15193621
15251822
15178030
15148310
15174750
15171858
15183785
15179880
15183318
15179180
15249583
15128375
15255210
15109609
15215640
15218173
15158993
15182001
15231947
15138824
15300118
15141310
15250529
15198111
15148298
15239893
15188556
15244259
15197689
15258901
15210264
15188641
