543944
428375
428547
495604
463936
415936
440208
443876
476535
425272
427492
428024
454027
475051
464282
546855
478458
409059
432397
448744
450979
465441
425369
406479
404374
291433
460628
408799
433033
449289
403766
501540
441672
406571
427323
303066
450819
526900
641318
489173
455161
443420
487111
428685
404255
399142
454304
448239
469337
316321
400558
411679
438252
436694
473523
499416
460676
422927
400546
452954
505113
449210
401839
434060
444936
535312
477123
410487
388896
442782
436714
481129
391298
432274
292157
424491
426580
455440
465849
491105
408364
447166
552558
503292
543509
447198
579056
495585
409760
414189
433279
450493
406231
476733
476528
405932
414877
427734
463595
435442
485907
