15096473
15114484
15130722
15104472
15144695
15121353
15147105
15076801
15186552
15088895
15133096
15106210
15074520
15117946
15019053
15136179
15142649
15111893
15115853
15129290
15130364
15138660
15153555
15096046
15135185
15141077
15063144
15284432
15069304
15120862
15123596
15548039
15155506
15152898
15162191
15067287
15149728
15190538
15145127
15110100
15194090
15212973
15123738
15169544
15060164
15159483
15111085
15140822
15156065
15125790
15144257
15063422
15146266
15094503
15198601
15120621
15079717
15101071
15086505
15146492
15121539
15145440
15086818
15134956
15105857
15070240
15085973
15122183
15108136
15105826
15136746
15141090
15156590
15104279
15128975
15156547
15042731
15091780
15112160
15128373
15102480
15127426
15119114
15122240
15137854
15139198
15198078
15093201
15140470
15097489
15153823
15111567
15146929
15108534
15117240
15181401
15093468
15138005
15124846
15180762
15113448
