421010
299247
476691
362249
310824
264548
277565
303214
366260
292894
464121
278664
522442
279153
281247
278483
293075
324551
460499
278669
297563
292572
273097
427130
373967
490338
283277
271100
375471
466466
374923
306104
297716
263828
269319
332081
299677
342111
294615
280687
272505
474875
330568
342661
285806
276505
283267
334676
308663
292209
272410
292741
476235
315674
350554
489333
261765
449853
286760
288456
292851
343685
293615
255499
269033
309954
470517
298070
350916
513683
293866
298042
476734
341234
348142
261844
263281
295029
302541
384202
290411
449278
298064
296945
344737
463621
272248
369853
291052
292112
556918
308353
303341
275342
286095
292479
311859
535693
276943
268507
281899
