15205232
15138130
15210126
15149613
15233155
15147894
15218156
15092584
15190441
15145995
15182366
15133536
15137347
15173431
15133155
15119333
15179772
15216896
15140593
15863698
15273101
15404175
15106348
15195465
15205664
15134242
15218780
15169269
15175754
15143084
15135876
15214324
15178045
15222018
15157307
15150275
15180761
15101276
15177019
15172451
15171871
15203802
15154664
15230520
15173018
15187204
15159855
15214045
15189133
15233815
15208418
15233870
15145593
15164532
15141594
15153514
15182839
15117574
15184220
15112567
15161712
15150432
15152716
15207841
15133571
15226133
15136240
15157465
15139377
15194107
15139473
15112207
15227806
15145574
15203313
15218491
15128560
15206190
15119729
15138599
15146803
15265405
15142158
15223672
15158372
15172892
15196030
15454596
15202962
15132640
15255707
15203290
15236481
15147198
15100108
15198018
15114808
15213459
15114742
15188803
15144253
