486361
339161
393075
349259
321827
318860
319366
364631
381736
401207
397777
321671
321438
399211
321367
327460
401632
319598
379066
375653
329205
381041
391712
341391
391090
413794
328819
424122
394329
322851
338619
407113
328609
382466
397986
344769
344454
322268
360860
396191
324047
323721
405323
321375
317246
377381
381280
397447
415363
376079
376392
322049
391650
375478
361559
325676
374784
371478
376972
320095
342982
368989
372908
320209
372319
323154
377165
322825
396960
329836
322858
339990
396753
341261
412651
392693
416234
401221
416298
382012
388879
363510
386969
325127
392079
323273
327341
333891
383497
394561
397991
387032
433179
324935
381376
405151
415787
415495
326178
413840
417648
