436223623
421116215
426706601
426241665
416805839
424169334
428593532
430510944
416222020
428324811
429785014
403277246
446081829
415210231
421655761
427444525
413792932
413998036
416748527
419530140
427755805
412614668
428327477
419615216
418683339
428621422
419619169
417612748
421288522
412385034
428736805
428070428
422734073
418752889
413590587
424847026
413552130
415027954
415598424
426880941
416800765
416504508
401683461
417979820
412559403
417623772
397997180
429784576
408906211
405172955
406141025
429929635
419824209
430296215
411579909
431259925
458170274
456982374
429035035
437995206
425827179
437581419
433430550
415374783
419493395
419234079
420441121
415238101
420366304
421354117
428578954
417386393
417923581
430245509
420206471
420789590
424740004
429676452
424802359
425678763
418604066
415913320
420277192
433693051
426165924
416703469
417101609
422149612
423613560
461896580
456829892
438646640
410563999
404681158
406763295
408429755
425908351
427090915
417721514
437861407
422280034
