487253
405666
320216
323412
412481
386028
341009
413470
423693
341832
467881
398027
427501
348331
421272
327856
397453
401175
429841
330189
393717
343526
331333
455721
349095
330674
333610
368259
455521
411945
423175
386627
370835
403048
429686
335215
400169
402513
336168
430404
323003
406512
428653
442290
334786
393214
406933
341462
401817
321317
373891
427130
382957
338262
328218
414888
364889
326968
393932
316009
322517
420018
375555
395799
393685
401985
420179
405565
358543
324393
391650
361899
340302
335197
382202
439637
376293
336781
379557
433449
346242
333333
337719
333908
397122
412319
318344
375577
401644
338981
387448
331487
419403
389833
318519
429056
391738
437895
330269
349988
325783
