452450885
388108863
385482979
384599186
385813679
376124633
371227090
374001919
414244789
360082485
359219325
363699806
369768129
396870242
379651479
370383036
370363324
401324091
371509065
413099017
415681930
367796608
369191648
371344602
388177940
386742721
388522185
380341971
372676763
373369355
383092456
380096078
399121818
377938945
377783392
357084488
392149836
407165648
410389893
398388247
377782737
426472236
434347256
427807516
429001164
387297130
375175166
383703253
362684908
362427661
378000434
383241263
374992198
376682379
438324847
390741981
376396832
389985071
370666750
366703516
428648698
426103420
395477385
377275246
414883843
398790229
396754059
397023010
392761391
388968285
359152464
361929247
411671009
413467991
417404874
383877721
382551953
385016330
388747525
382718823
373536637
373700724
387568092
361497578
384261722
386397437
386450814
386314257
399118125
359509438
358830936
367009311
405935014
400610521
398720146
384314437
386893626
380138384
380802399
381356626
375814735
