433186
409345
319003
337552
331094
400046
320753
393147
377650
314490
428353
385292
387916
342977
337080
328928
405678
377671
345688
374893
321352
408821
367606
323611
383655
342022
358171
380251
414568
381084
319233
380324
321900
375766
334210
352309
356559
411629
335150
351755
339426
377915
319306
321033
413916
320822
375751
322726
413196
354574
364705
395985
361125
321889
376391
340081
390784
427031
323118
442619
430283
326226
330545
323469
321854
421594
342599
321690
357602
397729
419185
365324
315408
353704
328250
327556
397459
390345
404836
333483
404664
355519
403824
325571
376850
372244
401416
336146
376903
339534
395530
334295
423442
397229
343722
353214
410228
329563
347956
383921
318730
