371136583
376839347
372120701
352002475
373627381
353394508
349334665
362056177
342277641
340175623
369665635
343835053
347433480
349829178
352248594
356623072
358730755
381571666
360938084
349102962
348758357
357823826
348751091
347002555
369360418
358034140
364432646
366977885
356394297
346440132
342713019
342900889
352895247
347505767
348627484
375177971
350797191
368624342
371502832
346476541
380498501
365556678
363067484
366762720
355177607
356942096
358382557
354819800
365758711
368547036
361056162
353691597
354347407
351660132
350226542
371581944
374781342
371338316
363581324
360310950
358674082
359706134
357406376
357766002
354399512
363274748
356136718
378684211
379205110
374032912
356943843
329932797
331511604
350160660
360559909
362984935
368710084
358103793
365152257
362443782
355813696
361431848
363829156
367193416
366270857
352562414
353547071
378477904
359527631
351699921
355471780
370356804
354067003
391162697
388182992
361105860
373677502
362659059
361593308
359128860
345426446
