0.000788273024765
-0.999999689226
-1.31597257039e-05
2.1092935144
-0.999999689311
-0.000788272997183
-2.10102386972e-06
0.916766326938
2.09064976035e-06
1.31613777958e-05
-0.999999999911
1.27496804472
0.0
0.0
0.0
1.0
0.000868212376213
-0.999843719231
0.0176573871469
2.09289951864
-0.999999618349
-0.000869798950203
-8.21736808214e-05
0.917021372129
9.75192154591e-05
-0.0176573090637
-0.99984409281
1.3120912086
0.0
0.0
0.0
1.0
0.000809733792513
-0.999384746208
0.0350638471599
2.07624948607
-0.999999672145
-0.000809458094061
2.20584790758e-05
0.916793185375
6.33780737963e-06
-0.0350638535256
-0.999385074001
1.34843105522
0.0
0.0
0.0
1.0
0.000833146918273
-0.998615641456
0.0525937877066
2.05863489868
-0.999999651681
-0.000829361971156
9.37903783263e-05
0.916723123712
-5.00412513718e-05
-0.0525938475283
-0.9986159846
1.38476108428
0.0
0.0
0.0
1.0
0.000826872452939
-0.997555391433
0.0698752982409
2.04085458175
-0.999999658079
-0.000825629662601
4.66666911059e-05
0.916794494747
1.11385095977e-05
-0.0698753129365
-0.997555733038
1.42021717922
0.0
0.0
0.0
1.0
0.000842971492163
-0.996183347529
0.087281312466
2.02219483486
-0.999999644613
-0.000840900532636
6.04950234213e-05
0.916827915196
1.31307672012e-05
-0.087281332443
-0.996183702353
1.45571028763
0.0
0.0
0.0
1.0
0.0007837667102
-0.994521952268
0.104524983457
2.00314962627
-0.999999692854
-0.000779344566837
8.31493972243e-05
0.916660028494
-1.23292290122e-06
-0.104525016523
-0.994522257629
1.49059479906
0.0
0.0
0.0
1.0
0.000945281020917
-0.992535807786
0.121949894242
1.98303287612
-0.999999552807
-0.000941737523054
8.66944993519e-05
0.917010473151
2.87973963953e-05
-0.121949921658
-0.992536254138
1.52556491651
0.0
0.0
0.0
1.0
0.000934120930766
-0.990310456849
0.13886801818
1.96316223915
-0.999999563553
-0.00092752085843
0.000112242676371
0.916978806463
1.76478873155e-05
-0.138868062419
-0.990310891048
1.55925466534
0.0
0.0
0.0
1.0
0.000973868404086
-0.987632723459
0.156782190104
1.94111809685
-0.999999525053
-0.000967843783799
0.0001147690912
0.91705154413
3.83909579923e-05
-0.156782227411
-0.987633196938
1.59460108347
0.0
0.0
0.0
1.0
0.00090718408777
-0.984769432303
0.173862998418
1.91964524744
-0.999999588409
-0.000895816009242
0.000143857472498
0.916885536656
1.4082815873e-05
-0.173863057363
-0.984769839651
1.62807021601
0.0
0.0
0.0
1.0
0.000936843375616
-0.981609918092
0.190895497662
1.8975753722
-0.999999558715
-0.000932970500165
0.000110164284695
0.917016318237
6.99615134572e-05
-0.190895516629
-0.981610358969
1.6610900797
0.0
0.0
0.0
1.0
0.000966342294164
-0.978107647805
0.208097322153
1.87455256596
-0.999999531669
-0.00095628727825
0.000148920423003
0.917022712975
5.33406171588e-05
-0.208097368602
-0.978108113828
1.69431051525
0.0
0.0
0.0
1.0
0.000976451543589
-0.97438016249
0.224905192223
1.85153327518
-0.999999518878
-0.000972517562604
0.00012827295287
0.917036642981
9.37376286973e-05
-0.224905209269
-0.97438064331
1.72632856047
0.0
0.0
0.0
1.0
0.000933989696099
-0.970309664817
0.24186418095
1.82766088222
-0.999999562299
-0.000919651079943
0.000172174961991
0.916889502243
5.53676255513e-05
-0.241864235896
-0.970310099055
1.75843734234
0.0
0.0
0.0
1.0
0.00106113181748
-0.965839568237
0.259138577653
1.80240825468
-0.999999435549
-0.00103884202949
0.000222955925019
0.917101412293
5.38643915729e-05
-0.259138667967
-0.965840125416
1.79075786502
0.0
0.0
0.0
1.0
0.0010205302154
-0.961260744624
0.275638784214
1.77794680671
-0.999999475804
-0.00100390854525
0.000201393301251
0.917056844797
8.31246561511e-05
-0.275638845253
-0.961261265254
1.82150324285
0.0
0.0
0.0
1.0
0.00102105158405
-0.956262597134
0.292507782421
1.75197352816
-0.999999471168
-0.00101235959191
0.000181087255345
0.917109029155
0.000122956090138
-0.292507812632
-0.956263125102
1.85253984408
0.0
0.0
0.0
1.0
0.0010241147188
-0.951036300739
0.30907750786
1.72602656346
-0.999999474143
-0.000990620304519
0.000265300153944
0.916959819253
5.38683779633e-05
-0.309077617027
-0.95103681514
1.88281005026
0.0
0.0
0.0
1.0
0.00104583040401
-0.9454203362
0.325851644369
1.6989345861
-0.999999452108
-0.0010034050168
0.000298265558457
0.916956963915
4.49748501389e-05
-0.325851777773
-0.945420867603
1.91318294467
0.0
0.0
0.0
1.0
0.00107018258595
-0.939655148006
0.342121407596
1.67208737499
-0.99999942153
-0.00104252962583
0.000264711985309
0.917067722132
0.000107933723316
-0.342121492979
-0.93965572014
1.94220344149
0.0
0.0
0.0
1.0
0.00102442585151
-0.933514561146
0.358538024036
1.64427648537
-0.999999459533
-0.00101993631987
0.000201651950278
0.917154824678
0.000177440920901
-0.358538036836
-0.933515101462
1.97122347928
0.0
0.0
0.0
1.0
0.00109818819048
-0.927236667211
0.374474240719
1.61677734604
-0.999999392584
-0.00105343775117
0.000324191628457
0.91707117351
9.38829369078e-05
-0.374474369281
-0.927237260866
1.99924611755
0.0
0.0
0.0
1.0
0.001126777424
-0.920414446895
0.390942420721
1.58731042908
-0.999999360036
-0.00107678101044
0.000347089232473
0.917056292129
0.000101493430879
-0.390942561624
-0.920415071155
2.02781493951
0.0
0.0
0.0
1.0
0.00111687882598
-0.913527394014
0.406775678928
1.55845382314
-0.999999375178
-0.00103948611427
0.000411231781324
0.91689230313
4.71661723391e-05
-0.406775884062
-0.913527984202
2.05505301596
0.0
0.0
0.0
1.0
0.00113088340347
-0.906448728978
0.422314364944
1.52943674642
-0.999999357999
-0.0010552633973
0.000412821648261
0.916952801099
7.14512331197e-05
-0.42231456067
-0.906449340416
2.08143862444
0.0
0.0
0.0
1.0
0.00115517545047
-0.898683459411
0.438596289714
1.49819696189
-0.999999325868
-0.00108972237748
0.000400959150492
0.917018004622
0.000117612835135
-0.43859645722
-0.898684112401
2.10869456214
0.0
0.0
0.0
1.0
0.00106942101869
-0.891006327667
0.453989625868
1.46828410124
-0.999999421925
-0.00100359535758
0.000385935220703
0.916892868334
0.000111751157196
-0.453989776155
-0.891006885865
2.13422649021
0.0
0.0
0.0
1.0
0.00114231468779
-0.882894306607
0.469570376491
1.4369009512
-0.999999341935
-0.00105834390335
0.000442762447934
0.916896297345
0.000106054500694
-0.469570573257
-0.882894934567
2.15983134008
0.0
0.0
0.0
1.0
0.00115505293173
-0.874626993272
0.484795099493
1.4058021309
-0.999999329617
-0.00104967999261
0.000488812081254
0.916838359386
8.13514755515e-05
-0.484795339099
-0.874627619373
2.18443248963
0.0
0.0
0.0
1.0
0.00111743223998
-0.866000800126
0.500041363815
1.37372080342
-0.999999371047
-0.00101579043477
0.000475473081043
0.916786895903
9.61771657285e-05
-0.500041580621
-0.86600139053
2.20877690758
0.0
0.0
0.0
1.0
0.00111964623706
-0.857173522185
0.515026503451
1.34158268273
-0.999999364303
-0.0010284196002
0.000462328584505
0.916842384085
0.000133367529583
-0.515026693695
-0.857174128748
2.2324293391
0.0
0.0
0.0
1.0
0.00117662800638
-0.848088989368
0.529852509344
1.3088522658
-0.999999288727
-0.00110129739335
0.000457917952411
0.917014334229
0.000195170013925
-0.529852671274
-0.848089681963
2.25542363707
0.0
0.0
0.0
1.0
0.00116991396323
-0.838496958699
0.544905020673
1.27494250409
-0.999999283762
-0.00111858181012
0.000425735991868
0.917091960739
0.000252542509976
-0.544905128465
-0.838497666779
2.27845444377
0.0
0.0
0.0
1.0
0.0011384147624
-0.829116370537
0.559074903854
1.24246065241
-0.99999934494
-0.00101034157331
0.000537894432975
0.916702550098
0.000118879537958
-0.559075149973
-0.829116977603
2.29994806857
0.0
0.0
0.0
1.0
0.00124504111211
-0.819220360638
0.573477506611
1.20849177117
-0.999999210894
-0.00111607042622
0.000576714010158
0.916915225901
0.000167585425847
-0.573477772109
-0.819221103739
2.32140192347
0.0
0.0
0.0
1.0
0.0012048512074
-0.808901936801
0.587942348341
1.17351498909
-0.999999249171
-0.00110606466764
0.00052752187652
0.916953024479
0.000223588790484
-0.587942542482
-0.808902662097
2.34249800036
0.0
0.0
0.0
1.0
0.00119835785707
-0.798519151044
0.60196821291
1.13896315842
-0.999999261843
-0.00107768566859
0.00056116638733
0.916861091378
0.000200630408791
-0.601968441041
-0.798519853065
2.36274511173
0.0
0.0
0.0
1.0
0.00119927245809
-0.788024482763
0.615642734312
1.10445647937
-0.999999259398
-0.00107264384184
0.000575012002128
0.916811320961
0.000207241852172
-0.615642967962
-0.788025185543
2.38207757126
0.0
0.0
0.0
1.0
0.00121944035982
-0.777100132762
0.629375799207
1.06898056959
-0.999999238468
-0.00106708986506
0.000619985318569
0.916780419632
0.000189809863274
-0.629376075952
-0.777100842228
2.40120096369
0.0
0.0
0.0
1.0
0.00114769328129
-0.766068119864
0.64275836714
1.03372504121
-0.999999319332
-0.00101424719994
0.000576748702947
0.916684027616
0.000210087079609
-0.642758591566
-0.76606876247
2.41945774723
0.0
0.0
0.0
1.0
0.00117081726872
-0.754701000119
0.656067854422
0.99754158618
-0.99999928708
-0.00103751653868
0.000591099932766
0.916733848355
0.000234577539028
-0.656068078768
-0.75470167682
2.43721783027
0.0
0.0
0.0
1.0
0.00121223569973
-0.742992209096
0.669298967358
0.960728209129
-0.999999216751
-0.00110911526051
0.000579966161062
0.91693958345
0.000311419359328
-0.669299146186
-0.742992971658
2.45445203675
0.0
0.0
0.0
1.0
0.00118365252675
-0.731279846814
0.682076524013
0.924539203998
-0.999999251799
-0.00107621845688
0.00058151066471
0.916837049975
0.000308816314335
-0.68207670199
-0.731280573539
2.47082001809
0.0
0.0
0.0
1.0
0.00123481384257
-0.719314590124
0.694683378
0.887841917928
-0.999999190681
-0.00110106063224
0.000637418253913
0.916836518222
0.000306384269336
-0.694683602872
-0.719315367575
2.48662192159
0.0
0.0
0.0
1.0
0.00119323334439
-0.706919229926
0.707293276198
0.850341538348
-0.999999247638
-0.00104471798319
0.000642875070043
0.916703552352
0.000284461255581
-0.707293511157
-0.706919944659
2.50201815028
0.0
0.0
0.0
1.0
0.00113310487689
-0.694869570876
0.719134893844
0.81441300198
-0.999999344906
-0.000903897040732
0.000702251538784
0.916313977906
0.000162050677031
-0.719135218468
-0.694870139882
2.51618437361
0.0
0.0
0.0
1.0
0.00120496575113
-0.682029063428
0.731324076383
0.775995049546
-0.999999226232
-0.00104793404355
0.00067035034171
0.916704922679
0.000309180980787
-0.731324318257
-0.68202979842
2.53018054403
0.0
0.0
0.0
1.0
0.00115945252344
-0.669338680581
0.742956517132
0.739089932877
-0.999999327652
-0.000761880848122
0.000874203815794
0.915716136397
-1.90940872324e-05
-0.742957031204
-0.669339113917
2.54351685909
0.0
0.0
0.0
1.0
0.00124146664943
-0.655909146569
0.754838823994
0.699676839367
-0.999999182431
-0.00104559375677
0.000736118901312
0.916612229265
0.000306427641405
-0.754839120728
-0.655909908387
2.55615082805
0.0
0.0
0.0
1.0
0.00123295008299
-0.642617005091
0.766186572971
0.661334386045
-0.999999200794
-0.0010066375267
0.000764913828643
0.916486918972
0.000279725523094
-0.766186903731
-0.642617732641
2.56805635215
0.0
0.0
0.0
1.0
0.00123888496742
-0.629480409368
0.777015366248
0.623771352227
-0.999999206948
-0.000955790079468
0.000820103285086
0.916288784434
0.000226424627033
-0.777015766048
-0.629481094272
2.57913352197
0.0
0.0
0.0
1.0
0.00126641504574
-0.615504655733
0.788132231902
0.584242787029
-0.999999150937
-0.00102152977603
0.000809074431352
0.916483637206
0.000307111463003
-0.788132587353
-0.615505426812
2.58980166638
0.0
0.0
0.0
1.0
0.00126363715283
-0.601804629188
0.798642342672
0.545841383624
-0.999999163436
-0.000981139540107
0.000842907698011
0.916347083017
0.000276313826158
-0.798642739686
-0.601805365544
2.59964309451
0.0
0.0
0.0
1.0
0.00117254148047
-0.588224545267
0.808696797009
0.508299663323
-0.999999309551
-0.000752591877406
0.000902498512085
0.915736749882
7.77468638375e-05
-0.808697296861
-0.588225021573
2.60872269572
0.0
0.0
0.0
1.0
0.00124958158355
-0.573858957061
0.818953195212
0.468571243406
-0.999999207794
-0.000841167311136
0.000936401740939
0.915893771837
0.000151514130717
-0.818953716543
-0.573859553553
2.61727448576
0.0
0.0
0.0
1.0
0.0012940717363
-0.558992261871
0.829171861888
0.427788583217
-0.999999102005
-0.00101224214949
0.000878267918869
0.916414843205
0.000348377737278
-0.829172253838
-0.558993069812
2.62525103506
0.0
0.0
0.0
1.0
0.0012974517646
-0.544611805487
0.838687246799
0.388835152619
-0.99999910856
-0.000971158479326
0.000916368095606
0.916258695367
0.000315433348193
-0.838687688103
-0.544612580029
2.63231839892
0.0
0.0
0.0
1.0
0.0013235941914
-0.529793532662
0.848125616196
0.348949299908
-0.999999068447
-0.00098405769538
0.000945904168324
0.91628739729
0.00033347062837
-0.848126078116
-0.529794341625
2.63881185991
0.0
0.0
0.0
1.0
0.00122581103475
-0.515204450379
0.857066433655
0.31040018553
-0.999999247565
-0.000590822337518
0.0010750809722
0.915146333907
-4.75125076527e-05
-0.857067106614
-0.515204786957
2.64483937238
0.0
0.0
0.0
1.0
0.00133762257913
-0.499909409315
0.866076667071
0.269735989338
-0.999999086611
-0.000836503762852
0.00106162109007
0.915780486708
0.000193762018867
-0.866077296054
-0.499910071629
2.6497466066
0.0
0.0
0.0
1.0
0.00127562027442
-0.485224960543
0.874388420817
0.23146801019
-0.999999179035
-0.000512871549303
0.00117426206187
0.914837012983
-0.000121332318561
-0.874389200887
-0.48522521642
2.65428273172
0.0
0.0
0.0
1.0
0.00134521070813
-0.469602895518
0.88287672465
0.190636294748
-0.999999077692
-0.000796939571108
0.00109977340004
0.91564369244
0.00018714262521
-0.882877389793
-0.469603534452
2.65779323607
0.0
0.0
0.0
1.0
0.00120525074614
-0.45434739029
0.890823773991
0.151582593342
-0.999999248488
-0.000347623506623
0.00117566239016
0.914408403346
-0.000224487854734
-0.890824521494
-0.454347467816
2.66115061232
0.0
0.0
0.0
1.0
0.00134191802016
-0.438502175142
0.89872912585
0.110643432466
-0.999999086724
-0.000732813976003
0.00113557716426
0.915458449309
0.000160648207496
-0.898729828914
-0.438502758045
2.66308979805
0.0
0.0
0.0
1.0
0.00131446723329
-0.422634385803
0.906299314859
0.0703634674855
-0.999999123954
-0.000696723822819
0.00112546332111
0.915386916522
0.000155780823805
-0.906300000283
-0.422634931376
2.66473686982
0.0
0.0
0.0
1.0
0.00139308819021
-0.407112199096
0.913377094442
0.0311190187818
-0.999999024015
-0.000664128072821
0.00122918802891
0.915198602753
0.000106181927939
-0.913377915367
-0.40711272695
2.66568024184
0.0
0.0
0.0
1.0
0.00136978459461
-0.390699584018
0.920517223488
-0.0100359017199
-0.999998993787
-0.000874789417604
0.00111676710498
0.915848667413
0.00036893828247
-0.920517826982
-0.390700389164
2.66563408063
0.0
0.0
0.0
1.0
0.00126485750712
-0.374783786666
0.927111381328
-0.0492637134109
-0.999999198201
-0.000417409204609
0.00119556108682
0.914619544908
-6.10920870465e-05
-0.927112150186
-0.374784014128
2.66553297889
0.0
0.0
0.0
1.0
0.00144283838851
-0.358325128188
0.933595748023
-0.0902235805098
-0.999998924433
-0.000762864946451
0.00125266547046
0.915405588732
0.000263345955042
-0.933596551271
-0.358325843476
2.66404082149
0.0
0.0
0.0
1.0
