405575
324878
331587
428918
371932
325562
357874
337777
414920
456739
319947
428013
439497
333888
417674
326833
419575
423085
326327
362392
325756
415788
405293
320658
384185
417140
395506
401541
424212
414949
405256
422506
429488
416788
410065
395485
421764
369642
357751
466480
420315
448650
340420
352984
398688
390185
415473
415727
454096
322838
458633
351297
328896
406924
410361
379802
337269
438325
347994
416792
412491
347561
333804
427643
381902
326184
338208
444814
369873
365493
436354
353872
328574
417449
324388
345357
360527
355952
415825
397623
400395
366483
394282
350869
411311
367417
401451
397090
393636
400534
341769
398425
324836
402900
413394
394447
421947
322282
343806
417659
444109
