351392642
347453456
321964202
310081133
312288645
330881942
296012165
296665265
354940005
327583048
326806665
330845545
344227876
344593878
334609755
362465324
364306452
357990411
341399961
337302400
337027324
311959451
360319987
361037240
328805970
347467841
348018723
356524972
346850942
326955823
327335091
340036822
344831252
346422977
335135217
331554330
336368133
355863468
364575749
365305028
337181533
346097443
368171704
365007830
333990565
335634134
338293336
339407081
341126101
313784019
313645516
327168422
326695305
317957683
323309104
321622834
328343256
335203488
339088036
324112074
309574650
309390538
332220382
342235082
340588227
342746906
325203083
325974002
335047560
345334808
352410645
351607026
342768394
340174438
339460409
341366293
347907447
347852824
336059974
321533314
324183096
334538104
262765954
264947020
334301238
316646418
319354975
341105872
341173494
341941157
329831182
351450884
351915274
342932178
319729095
320714640
322109087
353018568
352507314
347487839
344037989
