634696
560281
557685
618441
532494
568548
552908
588972
526937
570275
658852
671708
522936
579240
557480
597492
556330
587060
637205
527450
531353
551220
585017
519590
609641
596912
522619
564224
568941
565401
633885
591641
521466
561844
553821
605028
613676
536922
548008
548403
560441
540594
523518
524336
666314
596911
646800
519393
561050
561796
642979
554805
530937
565862
660746
583562
551947
536420
566899
557460
562808
615730
611191
629103
566142
550138
627018
530694
540632
555501
521529
606969
547351
650988
543324
532378
547675
532324
579466
522258
560257
638875
615902
513439
540808
544089
637768
521813
536687
558760
566755
553500
524270
526037
559010
565960
621293
544727
646935
652377
633849
