15177708
15210685
15240490
15132281
15140738
15147985
15221410
15171627
15120508
15139096
15165463
15135047
15125522
15118743
15141969
15161806
15139170
15167637
15164488
15163379
15196388
15138459
15116855
15128558
15221574
15250468
15112035
15173255
15180979
15123226
15103928
15176316
15203400
15175937
15139315
15151976
15161930
15155862
15164199
15133392
15114566
15138029
15139227
15131479
15168693
15144154
15152208
15145534
15475606
15152578
15234221
15145300
15150737
15232334
15190752
15116100
15143249
15119361
15106262
15186960
15141331
15123231
15128119
15219811
15136078
15152205
15123788
15111890
15173542
15135492
15103165
15246786
15188968
15147620
15116433
15127102
15172774
15173006
15149810
15206464
15150282
15148926
15155523
15119652
15135820
15128282
15180264
15137854
15133646
15125370
15191585
15156360
15143392
15104254
15172949
15299867
15118300
15140035
15190502
15181956
15168006
