0.000789207129628
-0.9999996858
-7.4509076589e-05
2.10937035354
-0.999999688473
-0.000789206057158
-1.44221182044e-05
0.916781484043
1.43633106585e-05
7.45204354159e-05
-0.99999999712
1.27483636061
0.0
0.0
0.0
1.0
0.000825738986199
-0.999846639005
0.0174933308939
2.09315542814
-0.999999648627
-0.000828141609552
-0.000130101516227
0.916996518937
0.000144568518932
-0.0174932173173
-0.999846971515
1.31171613598
0.0
0.0
0.0
1.0
0.000833792957997
-0.999381846577
0.0351458321953
2.07608954876
-0.999999652382
-0.000833103789722
3.42534040986e-05
0.916801992513
-4.95210424477e-06
-0.0351458485383
-0.999382193811
1.34862023881
0.0
0.0
0.0
1.0
0.000827358467815
-0.998632967604
0.0522638641142
2.05913860226
-0.999999656478
-0.000828852348666
-6.90911511723e-06
0.916867606939
5.02186966544e-05
-0.0522638404441
-0.99863331031
1.38402718928
0.0
0.0
0.0
1.0
0.000835731788129
-0.997555349859
0.0698757863607
2.04087243015
-0.999999650776
-0.000833758241564
5.7409041369e-05
0.916808155236
9.90816416073e-07
-0.069875809937
-0.997555698287
1.42022640561
0.0
0.0
0.0
1.0
0.000828113548736
-0.996183413202
0.0872807051382
2.02223489116
-0.999999656724
-0.000827392170794
4.44417549053e-05
0.916828301089
2.79432330024e-05
-0.0872807119796
-0.99618375641
1.45569488053
0.0
0.0
0.0
1.0
0.000862570225784
-0.994511288961
0.104625771691
2.00297724095
-0.999999627687
-0.000860396376976
6.59110527303e-05
0.916864047733
2.44703488939e-05
-0.104625789591
-0.994511660844
1.49078433922
0.0
0.0
0.0
1.0
0.000895214238684
-0.992530771344
0.121991255947
1.98307461468
-0.999999598867
-0.000892098132586
8.01617448661e-05
0.916919448873
2.92651731579e-05
-0.121991278774
-0.992531171826
1.5256651815
0.0
0.0
0.0
1.0
0.000901338022452
-0.99023646575
0.139394868949
1.96241067285
-0.99999959222
-0.000900360506813
7.00732301773e-05
0.916969042131
5.61165670598e-05
-0.139394875266
-0.99023687348
1.56027823664
0.0
0.0
0.0
1.0
0.000896072044172
-0.987720420887
0.156229213715
1.94192856052
-0.999999596876
-0.00089404606848
8.32374661792e-05
0.916954014566
5.74607691757e-05
-0.156229225322
-0.987720823843
1.59353188093
0.0
0.0
0.0
1.0
0.000884395537794
-0.984766127322
0.173881834367
1.91961723897
-0.999999608572
-0.000875524923188
0.000127718365264
0.916864609676
2.64651597291e-05
-0.173881879259
-0.984766516168
1.62812665592
0.0
0.0
0.0
1.0
0.000913140135851
-0.981574231434
0.191079026478
1.89733617862
-0.999999580643
-0.000909675142328
0.000105851880276
0.916983609162
6.99183625794e-05
-0.191079043006
-0.981574650465
1.66142784736
0.0
0.0
0.0
1.0
0.000891363708684
-0.9781430235
0.207931313297
1.87483574809
-0.999999600421
-0.000886029134771
0.000118789879833
0.916904874756
6.80397093911e-05
-0.207931336097
-0.978143422428
1.69390477328
0.0
0.0
0.0
1.0
0.000905320680863
-0.974333187829
0.225108905842
1.85125093461
-0.999999586609
-0.000901153471556
0.000121259404842
0.916898456212
8.47106095038e-05
-0.225108922563
-0.974333600881
1.72673017879
0.0
0.0
0.0
1.0
0.000939594919462
-0.970244326543
0.242126132364
1.82719359051
-0.999999556876
-0.000925774265204
0.000170850102911
0.916894404849
5.83877992367e-05
-0.242126185602
-0.970244766457
1.75891208125
0.0
0.0
0.0
1.0
0.000927076337625
-0.965894408053
0.25893461148
1.80290033553
-0.999999567192
-0.000915755139686
0.000164339435229
0.916914030852
7.83861597949e-05
-0.258934651766
-0.965894838981
1.79043453564
0.0
0.0
0.0
1.0
0.000944716388019
-0.961223711207
0.275768171702
1.77776108919
-0.999999553455
-0.000914847018557
0.000236950186793
0.916809523157
2.45235517748e-05
-0.27576827241
-0.961224146248
1.82178564887
0.0
0.0
0.0
1.0
0.000914390879132
-0.956282664326
0.292442523922
1.75233556148
-0.99999957875
-0.000897790999304
0.000190972654639
0.91683972642
7.99284267998e-05
-0.292442575355
-0.956283082425
1.85243923623
0.0
0.0
0.0
1.0
0.000864761824569
-0.950925219658
0.309419583746
1.72552811762
-0.99999961257
-0.000873210721257
0.000111186862185
0.916924094786
0.000164458106547
-0.309419560018
-0.95092560636
1.88335954527
0.0
0.0
0.0
1.0
0.000955193113195
-0.94559332756
0.325349575812
1.70001404621
-0.999999541978
-0.000922878865517
0.000253648950092
0.916848914596
6.04094926728e-05
-0.325349669079
-0.945593775985
1.91224474375
0.0
0.0
0.0
1.0
0.000961966764718
-0.939731863882
0.341910951309
1.67253103845
-0.999999528265
-0.000949976793725
0.000202517198259
0.916978274081
0.000134495605075
-0.341910984832
-0.939732334424
1.94180137468
0.0
0.0
0.0
1.0
0.000890374621891
-0.933635432039
0.358223515802
1.64506825742
-0.999999588481
-0.000893610254599
0.000156516970228
0.91693438213
0.000173982418039
-0.358223507745
-0.933635843479
1.97068375612
0.0
0.0
0.0
1.0
0.000912853117161
-0.927233290454
0.374483099449
1.61686236348
-0.999999575139
-0.000894415021343
0.000223031015758
0.916845900472
0.000128141526771
-0.37448314394
-0.927233712979
1.99927208812
0.0
0.0
0.0
1.0
0.000977538709709
-0.920443194427
0.390875133836
1.58751760029
-0.999999516497
-0.000941545246777
0.000283720587025
0.916841729819
0.000106877940901
-0.390875222195
-0.920443669787
2.02768000003
0.0
0.0
0.0
1.0
0.000897369675742
-0.91356669462
0.406687950657
1.55882802567
-0.999999594165
-0.000852336860779
0.000291876714719
0.916645641759
7.99862856769e-05
-0.40668804753
-0.913567088723
2.05487797005
0.0
0.0
0.0
1.0
0.00092805408021
-0.906360277497
0.42250465807
1.529330798
-0.999999567047
-0.000869872840459
0.000330494555914
0.916663955494
6.79781896132e-05
-0.422504781862
-0.906360692375
2.08172959843
0.0
0.0
0.0
1.0
0.00100161781856
-0.898771895915
0.438415414732
1.49874471723
-0.999999489208
-0.000959606558248
0.000317392811869
0.916851167759
0.00013544256794
-0.438415508699
-0.898772397989
2.10837984364
0.0
0.0
0.0
1.0
0.000996836840268
-0.89109930878
0.453807258875
1.4686688352
-0.999999499379
-0.000927733020239
0.000374903849234
0.916739743581
8.69354179708e-05
-0.453807405408
-0.891099787476
2.13392762282
0.0
0.0
0.0
1.0
0.000935339243291
-0.882696948215
0.469941722719
1.4361058869
-0.999999509737
-0.000978383049175
0.000152621164644
0.917136173016
0.000325064779344
-0.469941635076
-0.882697430581
2.16022888032
0.0
0.0
0.0
1.0
0.000980177454408
-0.874761137822
0.484553393352
1.40652489826
-0.999999519063
-0.000873676298137
0.000445603958864
0.916512313715
3.35457888801e-05
-0.484553597083
-0.874761573475
2.18407177845
0.0
0.0
0.0
1.0
0.000971080643833
-0.866069370913
0.499922895823
1.37416520277
-0.999999520897
-0.000902676423842
0.000378657944318
0.916670153682
0.000123324564171
-0.499923024016
-0.866069832548
2.20859891031
0.0
0.0
0.0
1.0
0.00106010542173
-0.857165452538
0.515040059755
1.34157702877
-0.999999430327
-0.00097285443027
0.00043920391347
0.916773559387
0.000124588582653
-0.515040231953
-0.857165995562
2.23241885664
0.0
0.0
0.0
1.0
0.00106762765432
-0.848021597107
0.529960593829
1.30877142153
-0.999999421469
-0.000974943257264
0.000454475486199
0.916742128475
0.000131276479916
-0.52996077244
-0.848022147376
2.2556112428
0.0
0.0
0.0
1.0
0.000969515943817
-0.839033330526
0.544079158125
1.277367118
-0.999999527684
-0.00085064384389
0.000470146567184
0.916439924263
6.83489463477e-05
-0.544079356962
-0.839033758949
2.27734086299
0.0
0.0
0.0
1.0
0.00097782358601
-0.829176174409
0.558986507577
1.2429126411
-0.999999518969
-0.000853809005971
0.000482775571041
0.916440276501
7.69617132925e-05
-0.558986710757
-0.829176610424
2.29986103487
0.0
0.0
0.0
1.0
0.00104878894335
-0.819222543849
0.573474780345
1.20871973074
-0.999999441159
-0.000935538429319
0.000492391636011
0.916648234471
0.000133129366635
-0.573474976279
-0.819223067216
2.32142026554
0.0
0.0
0.0
1.0
0.000986298472698
-0.809101498859
0.587668096599
1.1744544733
-0.999999482414
-0.000944800710248
0.000377523116711
0.916806274997
0.000249774715472
-0.58766816478
-0.809102011934
2.34210920185
0.0
0.0
0.0
1.0
0.00101652725428
-0.7987588814
0.60165041017
1.14003152141
-0.999999472121
-0.00090206799627
0.000491966578974
0.916566998131
0.00014976690565
-0.601650592668
-0.798759376728
2.36235279493
0.0
0.0
0.0
1.0
0.00103359141637
-0.788121418523
0.615518936633
1.10494301859
-0.999999442984
-0.000946208057001
0.000467676926596
0.916708646222
0.00021382277428
-0.615519077166
-0.78812195752
2.38189068628
0.0
0.0
0.0
1.0
0.00102495683911
-0.777284623436
0.629148284296
1.06983563814
-0.999999468876
-0.000864766957304
0.00056073622828
0.91640897747
0.000108214999458
-0.629148524871
-0.777285096951
2.4009717756
0.0
0.0
0.0
1.0
0.000953079678458
-0.76620029063
0.642601125332
1.0343888296
-0.999999537042
-0.000815391813346
0.000510932489715
0.916344260259
0.000132495074731
-0.642601314794
-0.766200713045
2.41930309162
0.0
0.0
0.0
1.0
0.000932363458177
-0.75480904508
0.655943927606
0.998233738398
-0.999999550708
-0.000816003611164
0.00048241338845
0.916387786203
0.000171122624578
-0.65594408268
-0.754809466762
2.43711011839
0.0
0.0
0.0
1.0
0.000992256122442
-0.743156346602
0.669117074907
0.961600940986
-0.999999492412
-0.000854456466217
0.000533928794254
0.916433575153
0.000174938839227
-0.669117265065
-0.743156817225
2.45434105544
0.0
0.0
0.0
1.0
0.00100598995634
-0.731546959802
0.681790314971
0.925714221341
-0.999999481393
-0.000844154512871
0.00056975107831
0.916365954502
0.000158736702033
-0.681790534554
-0.731547429628
2.47060154775
0.0
0.0
0.0
1.0
0.00110499374244
-0.719342006081
0.694655207478
0.888135659945
-0.999999363099
-0.000954474402494
0.000602312489305
0.91657668172
0.000229761939753
-0.694655430603
-0.719342602619
2.4866463774
0.0
0.0
0.0
1.0
0.00101247181532
-0.707097258345
0.707115579055
0.851073683125
-0.999999457004
-0.000890407797489
0.000541448052452
0.916521297916
0.000246764791891
-0.707115743295
-0.707097775907
2.50183546367
0.0
0.0
0.0
1.0
0.000955025208176
-0.69485512952
0.719149106171
0.814555048193
-0.999999539382
-0.000732441084352
0.000620294623068
0.916070688958
9.57194504823e-05
-0.719149367315
-0.694855508957
2.51627592258
0.0
0.0
0.0
1.0
0.00104120364435
-0.682055499666
0.731299672686
0.776303061734
-0.999999433909
-0.000870506727311
0.000611882065301
0.916403773533
0.000219263756968
-0.731299895797
-0.682056019935
2.5302150498
0.0
0.0
0.0
1.0
0.0010803415248
-0.669367423913
0.742930740154
0.739156971881
-0.99999941582
-0.000749110231048
0.000779225945053
0.915887941354
3.49485549239e-05
-0.742931147979
-0.669367842177
2.54343532742
0.0
0.0
0.0
1.0
0.0010363130552
-0.656275623192
0.754520531503
0.701028203262
-0.999999447396
-0.000813517982001
0.000665880437891
0.916195354231
0.000176814920819
-0.754520804612
-0.65627610359
2.55592846434
0.0
0.0
0.0
1.0
0.00100136522592
-0.642875511843
0.765970021306
0.662334699022
-0.999999487184
-0.000759663070297
0.000669733687983
0.916084105711
0.00015132375068
-0.765970299153
-0.642875942867
2.56795680197
0.0
0.0
0.0
1.0
0.0010179695092
-0.629552134534
0.776957575188
0.624408605892
-0.999999481869
-0.000640412970479
0.000791285970871
0.91563729896
-5.82063325871e-07
-0.776957978127
-0.629552460264
2.57922287369
0.0
0.0
0.0
1.0
0.00101662943324
-0.615865167305
0.787850913666
0.585559768543
-0.999999476544
-0.00071722503415
0.000729725606015
0.915900032347
0.000115653816024
-0.787851243122
-0.615865574079
2.589712594
0.0
0.0
0.0
1.0
0.00105494901361
-0.601991973885
0.798501440488
0.546618019085
-0.999999422429
-0.000799151468399
0.000718678270705
0.916115980534
0.000205485047915
-0.798501737465
-0.601992469256
2.59958692358
0.0
0.0
0.0
1.0
0.000952329460071
-0.588259273886
0.80867182451
0.50863927476
-0.999999546393
-0.000573815631387
0.000760230099269
0.915553814656
1.6816127384e-05
-0.80867218168
-0.588259553508
2.60875915144
0.0
0.0
0.0
1.0
0.00103154539046
-0.573712596583
0.819056037421
0.468397380987
-0.999999459686
-0.000697152110639
0.000771107050842
0.915830905437
0.000128612816838
-0.819056390306
-0.573713005742
2.6173979195
0.0
0.0
0.0
1.0
0.00104975663093
-0.559286839682
0.828973539367
0.428927431828
-0.999999423851
-0.000773051817321
0.000744774457777
0.91606278251
0.000224296948353
-0.828973843586
-0.559287328965
2.6251916267
0.0
0.0
0.0
1.0
0.00107840964747
-0.544735445589
0.838607256915
0.389479778069
-0.999999406295
-0.000718556918
0.000819198234506
0.915844438944
0.000156340730642
-0.838607642461
-0.544735897076
2.63240445038
0.0
0.0
0.0
1.0
0.0010738342157
-0.530222698925
0.8478577336
0.350419276568
-0.999999403302
-0.000739528441436
0.000804048582417
0.915931368989
0.000200690098853
-0.847858091099
-0.530223176673
2.63878366743
0.0
0.0
0.0
1.0
0.0010915793668
-0.515363272064
0.856971123354
0.310809500325
-0.999999385608
-0.000727929653186
0.000836003067923
0.91586373326
0.000192969416073
-0.856971509402
-0.515363750022
2.64457343144
0.0
0.0
0.0
1.0
0.00110201882589
-0.500065748792
0.865986739183
0.270422872353
-0.999999379098
-0.000694318495451
0.000871622172907
0.915732276158
0.000165402215271
-0.865987162034
-0.500066203452
2.64973692044
0.0
0.0
0.0
1.0
0.00103813454256
-0.485245921868
0.874377102621
0.231720717291
-0.999999460813
-0.000526055289428
0.000895343435448
0.915286761025
2.55089490656e-05
-0.874377560655
-0.485246206346
2.65419192486
0.0
0.0
0.0
1.0
0.00115237785863
-0.469738838029
0.88280467606
0.191144550618
-0.999999305366
-0.000759875850847
0.000901030409673
0.915874931566
0.000247572976684
-0.882805101161
-0.469739387396
2.65774190387
0.0
0.0
0.0
1.0
0.00102704642446
-0.45435383968
0.890820707855
0.151690788385
-0.999999467731
-0.000378842657806
0.000959696215011
0.914845602574
-9.85607756236e-05
-0.890821219351
-0.45435398693
2.66104261984
0.0
0.0
0.0
1.0
0.00108739501041
-0.438493765687
0.898733572882
0.110860131425
-0.99999940086
-0.000589970817521
0.000922070631931
0.915428780871
0.000125904357102
-0.89873403707
-0.438494144499
2.66316437585
0.0
0.0
0.0
1.0
0.00104681627227
-0.422866431953
0.906191417364
0.0711301452851
-0.999999402362
-0.000728438509232
0.000815262028756
0.915915359917
0.000315357779936
-0.906191729219
-0.422866941773
2.66462665025
0.0
0.0
0.0
1.0
0.0011571523689
-0.406786673462
0.91352244816
0.0304428837365
-0.999999283663
-0.000750306814855
0.000932584337055
0.915841041363
0.000306059238183
-0.913522872912
-0.406787250285
2.66553267319
0.0
0.0
0.0
1.0
0.00122295675911
-0.390780547456
0.920483062368
-0.00968267097902
-0.999999192399
-0.000796211503217
0.000990579665841
0.915882609839
0.000345799938658
-0.920483530422
-0.390781205593
2.66567117178
0.0
0.0
0.0
1.0
0.0011647542498
-0.375064355844
0.926998043322
-0.0485790557471
-0.999999317148
-0.000525052266028
0.00104404218701
0.915154471529
9.51394129028e-05
-0.926998626372
-0.375064711287
2.66540031768
0.0
0.0
0.0
1.0
0.00118682748258
-0.358615320832
0.933484677488
-0.0892239034929
-0.999999292872
-0.000496062290901
0.00108082235313
0.915039216938
7.5467092705e-05
-0.933485300145
-0.358615655986
2.66424732363
0.0
0.0
0.0
1.0
