-0.0196805
0.999184
0.035268
-0.0560969
-0.998402
-0.0177715
-0.0536494
-0.0277904
-0.0529789
-0.0362675
0.997937
0.339572
0
0
0
1
-0.0150648
0.999725
0.0179452
-0.0549567
-0.998439
-0.0140751
-0.0540589
-0.0281017
-0.0537915
-0.0187316
0.998376
0.338406
0
0
0
1
-0.0139797
0.999896
-0.00367007
-0.0547707
-0.998505
-0.014154
-0.0527983
-0.028166
-0.0528448
0.00292648
0.998598
0.337292
0
0
0
1
-0.0133547
0.999654
-0.0226524
-0.0551884
-0.998473
-0.0145467
-0.0532992
-0.0282133
-0.0536103
0.021906
0.998322
0.335835
0
0
0
1
-0.0122923
0.999047
-0.0418744
-0.0546088
-0.9984
-0.0145742
-0.0546321
-0.0282774
-0.0551903
0.0411359
0.997628
0.334483
0
0
0
1
-0.0112802
0.998074
-0.0609926
-0.0544679
-0.998384
-0.0146394
-0.0549125
-0.0283564
-0.0556997
0.0602746
0.996627
0.333097
0
0
0
1
-0.0102179
0.996621
-0.081499
-0.0544927
-0.998342
-0.0147848
-0.0556314
-0.0284712
-0.0566484
0.0807954
0.99512
0.331717
0
0
0
1
-0.00912663
0.994899
-0.10046
-0.0540799
-0.998296
-0.0148564
-0.0564356
-0.0286443
-0.0576402
0.0997735
0.993339
0.33035
0
0
0
1
-0.00785464
0.992853
-0.119084
-0.0537568
-0.998201
-0.0148637
-0.0580844
-0.028755
-0.0594393
0.118414
0.991184
0.328859
0
0
0
1
-0.00629051
0.990325
-0.138626
-0.0535563
-0.998052
-0.0148217
-0.0605949
-0.0288072
-0.0620633
0.137975
0.988489
0.327416
0
0
0
1
-0.00550129
0.987904
-0.154972
-0.053381
-0.998052
-0.0150547
-0.0605399
-0.0288318
-0.0621407
0.154337
0.986062
0.325973
0
0
0
1
-0.0041097
0.985232
-0.171174
-0.0531614
-0.997809
-0.0153431
-0.0643548
-0.0288099
-0.0660308
0.170534
0.983137
0.324268
0
0
0
1
-0.00269962
0.981989
-0.188918
-0.0532419
-0.997666
-0.0155357
-0.0664975
-0.0287686
-0.0682348
0.188297
0.979739
0.322762
0
0
0
1
-0.000793092
0.978776
-0.204929
-0.0533163
-0.997371
-0.0156224
-0.0707552
-0.0288111
-0.0724551
0.204334
0.976216
0.321047
0
0
0
1
0.000842826
0.97625
-0.216644
-0.0529701
-0.997107
-0.0156445
-0.0743771
-0.0288726
-0.076
0.21608
0.973413
0.319214
0
0
0
1
0.00195003
0.973091
-0.230415
-0.0526349
-0.996909
-0.0162064
-0.0768798
-0.0288911
-0.0785452
0.229853
0.970051
0.317661
0
0
0
1
0.00356236
0.969802
-0.243868
-0.0523395
-0.99672
-0.0162736
-0.0792757
-0.0288514
-0.0808504
0.243351
0.966563
0.316111
0
0
0
1
0.00500669
0.966543
-0.256454
-0.0522362
-0.996526
-0.0164959
-0.081626
-0.0287485
-0.0831256
0.255972
0.963104
0.314535
0
0
0
1
0.00639035
0.962911
-0.269743
-0.0524921
-0.996341
-0.0168582
-0.0837829
-0.0287183
-0.0852229
0.269292
0.95928
0.312852
0
0
0
1
0.00683343
0.959086
-0.283034
-0.052443
-0.996399
-0.0173921
-0.0829912
-0.0286734
-0.0845182
0.282582
0.955513
0.311543
0
0
0
1
0.00806395
0.955742
-0.294095
-0.0517749
-0.99626
-0.0176249
-0.0845939
-0.0286296
-0.0860333
0.293677
0.952025
0.310201
0
0
0
1
0.00822704
0.951978
-0.306057
-0.0515441
-0.996389
-0.0180615
-0.0829632
-0.0286083
-0.0845069
0.305634
0.948391
0.308963
0
0
0
1
0.00910212
0.947876
-0.31851
-0.0511663
-0.996429
-0.0181398
-0.0824587
-0.0286444
-0.0839383
0.318123
0.944326
0.307687
0
0
0
1
0.00921555
0.94337
-0.331614
-0.0507412
-0.996505
-0.0188692
-0.0813718
-0.028588
-0.083021
0.331205
0.939899
0.306536
0
0
0
1
0.00894271
0.938776
-0.344411
-0.0500246
-0.996821
-0.0188982
-0.0773945
-0.0286393
-0.0791649
0.344008
0.935623
0.305569
0
0
0
1
0.00940122
0.933659
-0.35804
-0.0497527
-0.996827
-0.0195514
-0.0771581
-0.0286874
-0.0790395
0.35763
0.930513
0.304412
0
0
0
1
0.00962476
0.928013
-0.372423
-0.0491288
-0.996973
-0.0198302
-0.0751788
-0.0286655
-0.0771522
0.372019
0.925013
0.303439
0
0
0
1
0.00939539
0.922135
-0.386754
-0.0482998
-0.997209
-0.0200059
-0.0719251
-0.0287826
-0.074062
0.38635
0.919374
0.302556
0
0
0
1
0.00985483
0.915928
-0.401221
-0.0475606
-0.997303
-0.0201831
-0.070571
-0.0288586
-0.0727359
0.400834
0.913259
0.30153
0
0
0
1
0.00977439
0.909692
-0.415168
-0.0464451
-0.997426
-0.0206258
-0.0686767
-0.0289596
-0.0710378
0.41477
0.907149
0.300696
0
0
0
1
0.0103488
0.901702
-0.432234
-0.0463585
-0.9975
-0.020911
-0.0675061
-0.0288989
-0.0699088
0.431852
0.899231
0.299589
0
0
0
1
0.0106835
0.893955
-0.448029
-0.0458099
-0.997611
-0.0210542
-0.0657984
-0.0287556
-0.0682537
0.447661
0.891595
0.298739
0
0
0
1
0.0109077
0.884832
-0.465783
-0.0456769
-0.997713
-0.0214437
-0.0641005
-0.0286366
-0.0667063
0.465417
0.882574
0.29777
0
0
0
1
0.0110729
0.876217
-0.48179
-0.045181
-0.997792
-0.0218699
-0.0627063
-0.0284946
-0.065481
0.481421
0.87404
0.296912
0
0
0
1
0.011479
0.866672
-0.498746
-0.0449536
-0.997909
-0.0217964
-0.0608433
-0.0283578
-0.063602
0.498402
0.86461
0.295988
0
0
0
1
0.0118291
0.857496
-0.514355
-0.0444426
-0.997984
-0.0219535
-0.0595508
-0.0282255
-0.0623564
0.514022
0.855507
0.295096
0
0
0
1
0.0119601
0.847648
-0.530424
-0.044016
-0.998068
-0.0222203
-0.0580139
-0.0281448
-0.0609616
0.530094
0.845745
0.294183
0
0
0
1
0.0121295
0.837784
-0.545866
-0.0431652
-0.998131
-0.0225552
-0.0567963
-0.0280933
-0.0598952
0.545535
0.835945
0.293438
0
0
0
1
0.0124947
0.827259
-0.561682
-0.0427345
-0.998216
-0.0224789
-0.055313
-0.0280412
-0.0583842
0.561371
0.825502
0.292514
0
0
0
1
0.0128929
0.816421
-0.577313
-0.0419317
-0.998267
-0.0226405
-0.0543116
-0.0278842
-0.0574117
0.577013
0.814715
0.291765
0
0
0
1
0.0133083
0.805449
-0.592516
-0.0413749
-0.998315
-0.0227648
-0.0533685
-0.0277671
-0.0564741
0.592228
0.803789
0.290942
0
0
0
1
0.0132774
0.794358
-0.607305
-0.0407642
-0.998376
-0.0231236
-0.052073
-0.0276273
-0.0554076
0.60701
0.79276
0.29004
0
0
0
1
0.0133167
0.782714
-0.622239
-0.0400994
-0.998459
-0.0231168
-0.050447
-0.0274997
-0.0538697
0.621952
0.7812
0.289382
0
0
0
1
0.0136589
0.771096
-0.636572
-0.0395471
-0.998507
-0.0231575
-0.0494763
-0.0273342
-0.0528924
0.636297
0.769629
0.28864
0
0
0
1
0.0134694
0.758306
-0.651759
-0.0392288
-0.998586
-0.0233201
-0.0477693
-0.0270191
-0.0514229
0.651481
0.75692
0.287822
0
0
0
1
0.0134086
0.746788
-0.664927
-0.038128
-0.998624
-0.0237176
-0.0467754
-0.0271151
-0.0507017
0.664639
0.745442
0.287129
0
0
0
1
0.0137791
0.73413
-0.678869
-0.0374804
-0.998653
-0.0238682
-0.046081
-0.0269851
-0.0500328
0.678589
0.732812
0.28638
0
0
0
1
0.0134726
0.722153
-0.691602
-0.0365237
-0.998683
-0.0245287
-0.0450668
-0.0270067
-0.0495092
0.691298
0.720872
0.285618
0
0
0
1
0.0133766
0.709911
-0.704164
-0.0354492
-0.998731
-0.0247119
-0.0438858
-0.0271293
-0.0485563
0.703858
0.70868
0.284984
0
0
0
1
0.0139575
0.696407
-0.717511
-0.0348088
-0.998747
-0.0247725
-0.0434721
-0.0269487
-0.0480488
0.717219
0.695189
0.284293
0
0
0
1
0.0139143
0.683482
-0.729835
-0.0337539
-0.998749
-0.0255671
-0.0429844
-0.0271068
-0.0480388
0.72952
0.68227
0.28356
0
0
0
1
0.0120102
0.669316
-0.742881
-0.0328026
-0.999322
-0.0178146
-0.0322065
-0.026816
-0.0347904
0.742765
0.668648
0.282954
0
0
0
1
0.0119304
0.655706
-0.754922
-0.0316007
-0.99939
-0.0169508
-0.0305169
-0.0269978
-0.0328066
0.754826
0.655104
0.282348
0
0
0
1
0.012963
0.639797
-0.768435
-0.0308109
-0.999361
-0.0173152
-0.0312752
-0.0269213
-0.0333154
0.768349
0.639164
0.281786
0
0
0
1
0.0132985
0.624604
-0.780828
-0.0299756
-0.999363
-0.0175663
-0.0310722
-0.0269289
-0.0331241
0.780744
0.623973
0.281042
0
0
0
1
0.0140091
0.609168
-0.792918
-0.0294219
-0.999364
-0.0174818
-0.0310871
-0.026696
-0.0327989
0.792849
0.608535
0.280439
0
0
0
1
0.014552
0.592606
-0.805361
-0.0286646
-0.999406
-0.0165471
-0.030234
-0.0265213
-0.0312432
0.805322
0.592014
0.279938
0
0
0
1
1
0
0
0
0
1
0
0
0
0
1
0
0
0
0
1
1
0
0
0
0
1
0
0
0
0
1
0
0
0
0
1
1
0
0
0
0
1
0
0
0
0
1
0
0
0
0
1
1
0
0
0
0
1
0
0
0
0
1
0
0
0
0
1
1
0
0
0
0
1
0
0
0
0
1
0
0
0
0
1
1
0
0
0
0
1
0
0
0
0
1
0
0
0
0
1
1
0
0
0
0
1
0
0
0
0
1
0
0
0
0
1
1
0
0
0
0
1
0
0
0
0
1
0
0
0
0
1
1
0
0
0
0
1
0
0
0
0
1
0
0
0
0
1
1
0
0
0
0
1
0
0
0
0
1
0
0
0
0
1
1
0
0
0
0
1
0
0
0
0
1
0
0
0
0
1
1
0
0
0
0
1
0
0
0
0
1
0
0
0
0
1
1
0
0
0
0
1
0
0
0
0
1
0
0
0
0
1
