0.0302589
0.972998
-0.228821
-0.0227129
0.997544
-0.0438661
-0.0546145
-0.0660252
-0.0631773
-0.226607
-0.971935
0.341092
0
0
0
1
0.0217127
0.970265
-0.24107
-0.0210087
0.996293
-0.041074
-0.0755813
-0.0661408
-0.0832356
-0.238536
-0.96756
0.341539
0
0
0
1
0.0251058
0.976844
-0.212475
-0.0211282
0.997913
-0.0371356
-0.0528167
-0.0662868
-0.059484
-0.210706
-0.975738
0.33987
0
0
0
1
0.0213288
0.976877
-0.212737
-0.0212807
0.994388
-0.0427824
-0.0967578
-0.0662067
-0.103622
-0.209479
-0.972307
0.341197
0
0
0
1
0.0211125
0.976547
-0.214269
-0.0206551
0.994395
-0.0427189
-0.0967137
-0.0662084
-0.103599
-0.211026
-0.971975
0.341231
0
0
0
1
0.028697
0.993088
0.113811
-0.0210818
0.998044
-0.0347929
0.0519418
-0.0663225
0.0555426
0.112098
-0.992144
0.324517
0
0
0
1
0.0267013
0.994744
0.0988475
-0.0210785
0.99882
-0.0305617
0.0377481
-0.0667642
0.0405706
0.0977229
-0.994386
0.326374
0
0
0
1
0.0265749
0.983839
0.17707
-0.0202751
0.998655
-0.0340155
0.0391182
-0.0669015
0.0445091
0.175792
-0.983421
0.322701
0
0
0
1
0.0265754
0.989054
0.145143
-0.0201166
0.998725
-0.0325042
0.03863
-0.0670345
0.0429249
0.143931
-0.988656
0.324804
0
0
0
1
0.0265754
0.989054
0.145143
-0.0201166
0.998725
-0.0325042
0.03863
-0.0670345
0.0429249
0.143931
-0.988656
0.324804
0
0
0
1
0.0123312
0.969281
-0.245646
-0.0189718
0.992551
-0.0416435
-0.114494
-0.0667124
-0.121206
-0.242404
-0.962574
0.34345
0
0
0
1
0.0221642
0.976292
0.215319
-0.0191582
0.99874
-0.0313191
0.0391989
-0.0672424
0.0450132
0.214179
-0.975757
0.32217
0
0
0
1
0.0234635
0.980257
0.19633
-0.0197345
0.99868
-0.0319585
0.0402131
-0.0672126
0.0456937
0.195128
-0.979713
0.322846
0
0
0
1
0.0234424
0.980055
0.19734
-0.0200308
0.998682
-0.031974
0.0401584
-0.0672127
0.0456672
0.196139
-0.979512
0.322823
0
0
0
1
0.018491
0.967138
0.25358
-0.0193601
0.999088
-0.0276364
0.0325501
-0.0674559
0.0384885
0.252747
-0.966767
0.320552
0
0
0
1
0.0190393
0.961565
0.273917
-0.0190693
0.998612
-0.031743
0.0420202
-0.0673942
0.0491001
0.272737
-0.960835
0.320121
0
0
0
1
0.0188554
0.954524
0.297537
-0.0187036
0.998635
-0.0324803
0.0409145
-0.06739
0.048718
0.296359
-0.953833
0.319391
0
0
0
1
0.0219105
0.957836
0.28648
-0.0192252
0.998626
-0.0346113
0.0393448
-0.0670815
0.0476013
0.285224
-0.957278
0.318942
0
0
0
1
1
0
0
0
0
1
0
0
0
0
1
0
0
0
0
1
0.0185619
0.946057
0.323468
-0.019505
0.998711
-0.0328304
0.0387102
-0.0670958
0.0472416
0.322332
-0.945447
0.31867
0
0
0
1
0.018216
0.940035
0.34059
-0.0190327
0.99909
-0.0302543
0.0300676
-0.0671864
0.0385689
0.339733
-0.939731
0.31709
0
0
0
1
0.0145594
0.933624
0.357958
-0.0186318
0.998259
-0.0340344
0.0481657
-0.0669266
0.0571516
0.356634
-0.932495
0.316154
0
0
0
1
0.0184736
0.927188
0.37414
-0.018679
0.998672
-0.035109
0.0376959
-0.0671201
0.0480869
0.372947
-0.926606
0.316359
0
0
0
1
0.0156168
0.922325
0.3861
-0.0181492
0.998415
-0.035267
0.043863
-0.0670875
0.0540725
0.384803
-0.921413
0.315644
0
0
0
1
0.0140285
0.910778
0.412658
-0.0175104
0.998437
-0.0350879
0.0435002
-0.0671053
0.0540983
0.411403
-0.909847
0.314719
0
0
0
1
0.0166799
0.912139
0.409542
-0.0177042
0.998475
-0.0367518
0.0411881
-0.0670717
0.0526207
0.408231
-0.911361
0.315033
0
0
0
1
0.0134962
0.898012
0.439763
-0.0168085
0.998751
-0.0332646
0.037276
-0.067149
0.0481028
0.438711
-0.89734
0.315076
0
0
0
1
0.0117902
0.893357
0.449194
-0.0161577
0.99877
-0.0321587
0.0377419
-0.0672995
0.0481624
0.448196
-0.892637
0.313224
0
0
0
1
0.00901931
0.881937
0.471281
-0.0153534
0.998479
-0.0335788
0.0437292
-0.0674246
0.0543914
0.47017
-0.880898
0.313621
0
0
0
1
0.0116305
0.876876
0.480575
-0.0146165
0.998563
-0.0353317
0.0403012
-0.0673998
0.0523187
0.479416
-0.876027
0.313529
0
0
0
1
0.011637
0.866274
0.499433
-0.0148026
0.99841
-0.0376122
0.0419757
-0.0672392
0.0551472
0.498151
-0.865335
0.312074
0
0
0
1
0.0113122
0.860799
0.50882
-0.0144638
0.998674
-0.0352819
0.0374856
-0.0672805
0.0502197
0.507721
-0.860056
0.312952
0
0
0
1
0.00859296
0.859191
0.511582
-0.0146048
0.99825
-0.0373015
0.0458796
-0.0670631
0.0585022
0.510293
-0.858008
0.314017
0
0
0
1
0.00798117
0.839778
0.542872
-0.0140839
0.998574
-0.0353511
0.0400044
-0.0669755
0.0527859
0.541778
-0.838862
0.311719
0
0
0
1
0.00928813
0.832181
0.554426
-0.0142572
0.998797
-0.0344176
0.0349274
-0.0668844
0.0481479
0.553435
-0.8315
0.311794
0
0
0
1
0.00744429
0.825833
0.563865
-0.0139638
0.99887
-0.032616
0.0345818
-0.0667298
0.0469498
0.56297
-0.825142
0.312291
0
0
0
1
0.00574276
0.813639
0.581342
-0.013617
0.998856
-0.0322719
0.0353001
-0.0667434
0.0474826
0.580474
-0.812893
0.311644
0
0
0
1
0.00713575
0.801222
0.598325
-0.0131627
0.998758
-0.035217
0.0352479
-0.066576
0.0493126
0.59733
-0.800478
0.310355
0
0
0
1
0.00541296
0.789051
0.614304
-0.012817
0.998742
-0.0348901
0.0360146
-0.0665885
0.0498505
0.613336
-0.788247
0.309761
0
0
0
1
0.00699032
0.780606
0.624984
-0.0124479
0.998469
-0.039744
0.0384726
-0.0662305
0.0548713
0.623758
-0.779689
0.310101
0
0
0
1
0.00474766
0.768218
0.640171
-0.0120626
0.998999
-0.0321219
0.0311382
-0.0663417
0.0444844
0.639382
-0.767602
0.310142
0
0
0
1
0.00343289
0.761705
0.647915
-0.0118034
0.998558
-0.037322
0.0385859
-0.066097
0.0535726
0.646849
-0.760734
0.310103
0
0
0
1
0.00613508
0.751778
0.659388
-0.0116257
0.998769
-0.0370631
0.0329635
-0.0659882
0.0492202
0.658374
-0.75108
0.310237
0
0
0
1
0.00292689
0.738259
0.674511
-0.0113109
0.998691
-0.0365992
0.0357245
-0.0656908
0.0510605
0.673524
-0.7374
0.309651
0
0
0
1
0.00252087
0.722254
0.691623
-0.0111753
0.998765
-0.0361384
0.0340985
-0.065414
0.0496219
0.690683
-0.721453
0.309185
0
0
0
1
0.00246316
0.715513
0.698595
-0.0105393
0.998761
-0.0364895
0.0338517
-0.0655668
0.0497127
0.697645
-0.714716
0.309212
0
0
0
1
0.00233702
0.701993
0.71218
-0.0101724
0.99845
-0.0412465
0.0373801
-0.065352
0.0556155
0.710989
-0.701001
0.309109
0
0
0
1
0.00199766
0.687297
0.726374
-0.00947204
0.998478
-0.0414077
0.036434
-0.065359
0.0551185
0.725196
-0.686333
0.308669
0
0
0
1
0.00125128
0.672472
0.740122
-0.00874187
0.99895
-0.034743
0.0298785
-0.0657449
0.0458066
0.739307
-0.671809
0.308725
0
0
0
1
0.00117789
0.658785
0.75233
-0.00836822
0.9987
-0.0391099
0.0326834
-0.0653974
0.0509549
0.751314
-0.657975
0.309003
0
0
0
1
0.000915022
0.648993
0.760793
-0.00768611
0.998842
-0.0371872
0.0305212
-0.0655924
0.0480999
0.759885
-0.648276
0.307254
0
0
0
1
0.0019107
0.632082
0.7749
-0.00721573
0.99904
-0.0351256
0.0261884
-0.065618
0.0437721
0.774105
-0.631542
0.308009
0
0
0
1
0.000136748
0.621275
0.783593
-0.00630631
0.998973
-0.03558
0.0280354
-0.0659084
0.0452979
0.782784
-0.620642
0.307592
0
0
0
1
-7.60603e-06
0.607444
0.794363
-0.0059311
0.998713
-0.0402853
0.0308155
-0.0656989
0.0507198
0.79334
-0.606662
0.307619
0
0
0
1
0.0010822
0.595571
0.803302
-0.0054849
0.999023
-0.0361372
0.0254464
-0.0659115
0.0441842
0.802489
-0.595028
0.307037
0
0
0
1
0.000964628
0.580948
0.81394
-0.00538682
0.998794
-0.0405076
0.0277285
-0.0655661
0.0490796
0.812932
-0.580287
0.307401
0
0
0
1
0.0020992
0.571062
0.820904
-0.00526275
0.999001
-0.0378345
0.023765
-0.0654444
0.0446298
0.820035
-0.570571
0.308116
0
0
0
1
-0.00236986
0.554004
0.832511
-0.00440747
0.998449
-0.0449958
0.0327852
-0.0652087
0.0556226
0.831297
-0.553038
0.307397
0
0
0
1
0.0014281
0.540224
0.84152
-0.00443761
0.999037
-0.0376748
0.0224904
-0.0653151
0.0438539
0.840677
-0.539758
0.307787
0
0
0
1
0.00106279
0.524766
0.851246
-0.00402678
0.999045
-0.0377456
0.0220217
-0.0653194
0.043687
0.85041
-0.524304
0.307481
0
0
0
1
-0.00233285
0.504456
0.863435
-0.00308506
0.998976
-0.0378437
0.024809
-0.0653146
0.0451906
0.862608
-0.50385
0.306994
0
0
0
1
-0.00415569
0.494427
0.869209
-0.00275735
0.998842
-0.039616
0.02731
-0.0651292
0.0479374
0.868316
-0.49369
0.308279
0
0
0
1
-0.00267744
0.482087
0.876119
-0.00263058
0.99876
-0.0422574
0.0263045
-0.0649691
0.0497036
0.875104
-0.481376
0.307321
0
0
0
1
-0.00354436
0.459124
0.888365
-0.00185023
0.999124
-0.0354101
0.0222868
-0.0653471
0.0416895
0.887666
-0.458596
0.307342
0
0
0
1
-0.00201888
0.44895
0.893555
-0.00174601
0.998934
-0.0402951
0.0225025
-0.065137
0.0461084
0.892648
-0.44839
0.307643
0
0
0
1
-0.00225592
0.432445
0.901657
-0.00133725
0.998825
-0.042679
0.0229684
-0.0649804
0.0484144
0.900649
-0.431841
0.306591
0
0
0
1
0.000157538
0.415405
0.909636
-0.0011069
0.999031
-0.0401102
0.0181442
-0.0650128
0.0440229
0.908752
-0.415009
0.307551
0
0
0
1
-0.000215502
0.399832
0.916588
-0.000695873
0.999036
-0.0401565
0.0177519
-0.065016
0.0439048
0.915708
-0.399438
0.307334
0
0
0
1
0.00125003
0.390367
0.920659
-0.000580899
0.998919
-0.0432625
0.0169874
-0.0651072
0.0464613
0.919642
-0.389999
0.308745
0
0
0
1
-0.00210541
0.368153
0.929763
8.03281e-05
0.998749
-0.0456824
0.0203502
-0.0649426
0.0499658
0.928642
-0.367597
0.307587
0
0
0
1
