0.0273956
0.976426
-0.214107
-0.0223739
0.996062
-0.0447318
-0.0765485
-0.0659214
-0.0843213
-0.211167
-0.973806
0.342022
0
0
0
1
0.0186956
0.965838
-0.258471
-0.0206341
0.994187
-0.0453733
-0.0976371
-0.065828
-0.106029
-0.255143
-0.961072
0.343881
0
0
0
1
0.0213408
0.976204
-0.215803
-0.0206478
0.995169
-0.0414315
-0.0890064
-0.0659744
-0.0958294
-0.212861
-0.972372
0.341808
0
0
0
1
0.0227288
0.983581
-0.179033
-0.0214948
0.997174
-0.0351315
-0.0664128
-0.0663608
-0.071612
-0.177017
-0.981599
0.339861
0
0
0
1
0.0196298
0.979495
-0.20051
-0.0205651
0.996736
-0.0348789
-0.0728044
-0.066398
-0.0783051
-0.198426
-0.976983
0.339414
0
0
0
1
0.0231561
0.98115
-0.191855
-0.0207292
0.998571
-0.0319445
-0.0428416
-0.0665096
-0.0481628
-0.190589
-0.980488
0.33852
0
0
0
1
0.0175593
0.976342
-0.215517
-0.0203513
0.99252
-0.0430663
-0.114235
-0.0663006
-0.120814
-0.211899
-0.969795
0.342379
0
0
0
1
0.0252915
0.990528
0.13496
-0.0202485
0.999467
-0.0278416
0.0170408
-0.0670146
0.0206369
0.134457
-0.990705
0.325396
0
0
0
1
0.0134992
0.971601
-0.23624
-0.0190966
0.995349
-0.0355957
-0.089521
-0.0668882
-0.0953878
-0.233933
-0.967562
0.342118
0
0
0
1
0.0134992
0.971601
-0.23624
-0.0190966
0.995349
-0.0355957
-0.089521
-0.0668882
-0.0953878
-0.233933
-0.967562
0.342118
0
0
0
1
0.0134992
0.971601
-0.23624
-0.0190966
0.995349
-0.0355957
-0.089521
-0.0668882
-0.0953878
-0.233933
-0.967562
0.342118
0
0
0
1
0.00876334
0.956811
-0.290577
-0.0182378
0.98918
-0.0508513
-0.137611
-0.0664083
-0.146444
-0.286227
-0.946905
0.346229
0
0
0
1
0.0235224
0.986344
0.163009
-0.0196963
0.997729
-0.033456
0.0584642
-0.0669792
0.0631195
0.161264
-0.984891
0.323511
0
0
0
1
0.0216101
0.986468
0.162526
-0.0200262
0.99764
-0.0318733
0.0608083
-0.0669531
0.0651657
0.160828
-0.984829
0.324355
0
0
0
1
0.0210734
0.965083
0.261097
-0.0192245
0.999318
-0.0282528
0.0237736
-0.0674839
0.0303202
0.260418
-0.96502
0.320725
0
0
0
1
0.0181479
0.968663
0.247713
-0.0190617
0.999381
-0.0250425
0.0247104
-0.0675084
0.0301394
0.247112
-0.968518
0.322021
0
0
0
1
0.0169796
0.954276
0.298445
-0.0183669
0.999243
-0.0266475
0.0283546
-0.0673713
0.035011
0.297737
-0.954006
0.319277
0
0
0
1
0.0230008
0.968596
0.247575
-0.0194464
0.997761
-0.0377946
0.0551687
-0.066818
0.0627932
0.245751
-0.967297
0.320045
0
0
0
1
1
0
0
0
0
1
0
0
0
0
1
0
0
0
0
1
0.0194971
0.956991
0.28946
-0.0197172
0.997932
-0.036364
0.0530064
-0.0668355
0.0612526
0.287828
-0.955721
0.319697
0
0
0
1
0.0151855
0.94585
0.324249
-0.0188386
0.99784
-0.0350649
0.0555543
-0.0667191
0.0639158
0.322705
-0.944339
0.318424
0
0
0
1
0.0151855
0.94585
0.324249
-0.0188386
0.99784
-0.0350649
0.0555543
-0.0667191
0.0639158
0.322705
-0.944339
0.318424
0
0
0
1
0.0180606
0.932883
0.359726
-0.0186722
0.999089
-0.0307533
0.0295922
-0.067183
0.0386689
0.358863
-0.932589
0.316471
0
0
0
1
0.0136425
0.925482
0.378545
-0.0178853
0.999123
-0.0276043
0.0314804
-0.0672154
0.039584
0.377784
-0.925047
0.316639
0
0
0
1
0.0133102
0.91101
0.412169
-0.0171648
0.999129
-0.0284186
0.0305483
-0.0672119
0.0395431
0.411404
-0.910595
0.315551
0
0
0
1
0.0160938
0.919555
0.392632
-0.017715
0.999144
-0.0297547
0.0287318
-0.0671768
0.0381031
0.391834
-0.919247
0.316391
0
0
0
1
0.0117248
0.899442
0.436883
-0.0165291
0.99912
-0.0281326
0.0311048
-0.0672271
0.0402676
0.436134
-0.89898
0.314642
0
0
0
1
0.0059703
0.889657
0.456591
-0.0154712
0.998708
-0.0283449
0.0421704
-0.0671743
0.0504592
0.455749
-0.888677
0.313438
0
0
0
1
0.010995
0.895165
0.445598
-0.0154933
0.998431
-0.0342998
0.0442692
-0.0672734
0.0549122
0.444412
-0.894138
0.315956
0
0
0
1
0.007739
0.879328
0.476154
-0.0142657
0.998031
-0.0364343
0.0510632
-0.0671898
0.0622496
0.474821
-0.877878
0.31465
0
0
0
1
0.00622545
0.864304
0.502931
-0.0141707
0.997846
-0.0382165
0.0533247
-0.0670412
0.065309
0.501516
-0.86268
0.312848
0
0
0
1
0.00752316
0.861334
0.507983
-0.014092
0.997912
-0.039057
0.051446
-0.0670317
0.0641525
0.506535
-0.85983
0.31281
0
0
0
1
0.00490584
0.857604
0.514287
-0.014299
0.998888
-0.0283174
0.0376924
-0.0671727
0.0468885
0.51353
-0.856789
0.312761
0
0
0
1
0.00607699
0.843098
0.537725
-0.0138274
0.999114
-0.0275143
0.0318483
-0.0670859
0.0416464
0.537055
-0.842519
0.312445
0
0
0
1
0.00459936
0.828328
0.560225
-0.0137415
0.998956
-0.029273
0.0350807
-0.066938
0.0454578
0.559479
-0.827597
0.310787
0
0
0
1
0.00924372
0.829319
0.5587
-0.0140014
0.998622
-0.0365254
0.0376951
-0.0665352
0.051668
0.557581
-0.828513
0.312827
0
0
0
1
0.00330113
0.818332
0.574737
-0.01351
0.998243
-0.0366985
0.0465191
-0.0664918
0.0591601
0.573574
-0.817015
0.311877
0
0
0
1
0.00315619
0.801521
0.597958
-0.0127729
0.998116
-0.0391601
0.0472231
-0.066336
0.0612664
0.596682
-0.800135
0.310308
0
0
0
1
0.00579427
0.800902
0.598767
-0.0129674
0.998552
-0.0366582
0.0393704
-0.0663942
0.0534816
0.597672
-0.799955
0.311665
0
0
0
1
0.00564678
0.784238
0.620434
-0.0122365
0.99842
-0.0391118
0.0403509
-0.0662371
0.055911
0.619226
-0.78322
0.310139
0
0
0
1
0.00216627
0.772898
0.634527
-0.0119493
0.998496
-0.0364293
0.0409646
-0.0659458
0.0547768
0.633484
-0.771814
0.310168
0
0
0
1
0.00309186
0.760501
0.649329
-0.0115095
0.998841
-0.0335311
0.0345159
-0.0660097
0.048022
0.64847
-0.759724
0.310952
0
0
0
1
0.0046781
0.755585
0.655034
-0.0114167
0.998738
-0.0362819
0.0347186
-0.0658423
0.0499987
0.654045
-0.754801
0.310026
0
0
0
1
0.00154867
0.741953
0.67045
-0.0110978
0.998643
-0.0360455
0.0375829
-0.065696
0.0520514
0.669483
-0.741002
0.309679
0
0
0
1
0.000937493
0.727719
0.685874
-0.0109804
0.998906
-0.0327552
0.0333882
-0.0652948
0.0467632
0.685092
-0.726954
0.310156
0
0
0
1
-0.00194465
0.713663
0.700487
-0.0100777
0.99857
-0.036037
0.039487
-0.0655552
0.0534238
0.699562
-0.712572
0.308891
0
0
0
1
0.00268168
0.71351
0.700639
-0.0103045
0.998261
-0.0431712
0.0401434
-0.0651506
0.0588902
0.699313
-0.712385
0.310917
0
0
0
1
0.0023389
0.698737
0.715375
-0.0095997
0.998296
-0.0433384
0.0390665
-0.0651585
0.0583004
0.714065
-0.697648
0.310464
0
0
0
1
0.00133341
0.682081
0.731276
-0.00881822
0.999092
-0.0320583
0.0280799
-0.065767
0.0425963
0.730574
-0.681504
0.310132
0
0
0
1
-0.00317729
0.66016
0.751118
-0.00795487
0.998369
-0.0407221
0.040014
-0.0651909
0.0570027
0.750021
-0.658954
0.310283
0
0
0
1
-0.000628458
0.65428
0.756252
-0.00747802
0.998955
-0.034153
0.030378
-0.0656205
0.045704
0.755481
-0.653575
0.308437
0
0
0
1
-0.00374591
0.636995
0.770859
-0.00685064
0.99881
-0.0351017
0.0338597
-0.0655876
0.0486269
0.770068
-0.636106
0.30786
0
0
0
1
-0.00149855
0.626487
0.779431
-0.00609559
0.999097
-0.0321501
0.0277623
-0.06579
0.0424515
0.778769
-0.625873
0.308507
0
0
0
1
-0.00607531
0.612212
0.790671
-0.00553463
0.998924
-0.0326411
0.0329493
-0.0657626
0.0459803
0.79002
-0.611355
0.307971
0
0
0
1
-0.00075343
0.592657
0.805455
-0.00520729
0.999149
-0.032764
0.0250425
-0.0657954
0.0412315
0.804789
-0.592128
0.307757
0
0
0
1
-0.00392782
0.579014
0.815308
-0.00489144
0.99908
-0.0325456
0.0279263
-0.065649
0.0427044
0.814668
-0.578354
0.307654
0
0
0
1
0.000734712
0.577709
0.816242
-0.00507882
0.998854
-0.0394822
0.0270451
-0.0652551
0.0478512
0.815287
-0.577076
0.3097
0
0
0
1
-0.00410898
0.549672
0.83537
-0.0041261
0.998442
-0.0442252
0.0340112
-0.0650695
0.0556394
0.834209
-0.548634
0.306976
0
0
0
1
0.000143873
0.545434
0.838154
-0.0042477
0.998751
-0.041959
0.0271336
-0.0651037
0.0499677
0.837103
-0.544759
0.308206
0
0
0
1
-0.00170399
0.529792
0.848126
-0.00386901
0.99885
-0.039739
0.0268303
-0.065116
0.0479181
0.847196
-0.529115
0.308991
0
0
0
1
-0.00204676
0.51506
0.857152
-0.0031731
0.998861
-0.0398004
0.0263011
-0.0651208
0.0476616
0.85623
-0.514392
0.308705
0
0
0
1
-0.00586643
0.490147
0.87162
-0.00247137
0.998808
-0.0393676
0.0288605
-0.0651326
0.0484595
0.87075
-0.489332
0.308142
0
0
0
1
-0.00141524
0.484661
0.874701
-0.00259278
0.99895
-0.039369
0.0234302
-0.065002
0.0457918
0.873816
-0.484097
0.308531
0
0
0
1
0.00106392
0.467376
0.884058
-0.00208826
0.999014
-0.0397245
0.019799
-0.0651557
0.0443724
0.883166
-0.466958
0.307999
0
0
0
1
-0.00075948
0.451454
0.892294
-0.00170576
0.999104
-0.0374156
0.0197807
-0.0651681
0.0423158
0.89151
-0.451021
0.308842
0
0
0
1
-0.00225592
0.432445
0.901657
-0.00133725
0.998825
-0.042679
0.0229684
-0.0649804
0.0484144
0.900649
-0.431841
0.306591
0
0
0
1
-0.00137554
0.419352
0.907823
-0.000884881
0.999006
-0.0398811
0.019936
-0.0650142
0.0445652
0.906947
-0.41888
0.307554
0
0
0
1
-0.000215502
0.399832
0.916588
-0.000695873
0.999036
-0.0401565
0.0177519
-0.065016
0.0439048
0.915708
-0.399438
0.307334
0
0
0
1
0.00122668
0.397587
0.917564
-0.000632372
0.999163
-0.0380076
0.0151332
-0.0651748
0.0408912
0.916777
-0.3973
0.308147
0
0
0
1
-0.000963624
0.368674
0.929558
0.000125732
0.999045
-0.0402469
0.0169981
-0.0650218
0.0436786
0.928687
-0.368283
0.30693
0
0
0
1
