393596
325439
330288
428302
324768
328049
332804
330914
318336
339463
334207
325753
319801
318533
333998
320181
320815
321782
325401
378043
322963
321487
322263
320488
335414
323067
330934
326610
322304
316953
332851
322694
322367
324886
338279
320665
323096
316831
327439
356482
317596
322517
319252
317693
322072
325226
324502
323034
318432
357964
334315
326459
323854
322378
327725
328637
325829
324953
320071
327179
323764
320823
325936
324309
327036
327850
333265
320951
323751
321160
488193
321029
364946
321536
328944
330612
341641
332249
322075
320229
321933
323579
327904
324460
322726
356116
323680
329389
318483
334572
324231
322787
321562
351451
328360
333534
326764
318589
322674
346452
318613
