315682713
336782498
337717782
342070316
335999817
337924298
336532489
322851788
324459970
289047914
295347735
297594139
324847999
326539529
306154881
311753978
313498349
329367376
332889482
334609436
299341443
300900376
301810011
303645683
305478023
310418277
303750179
304975007
298945879
299650681
303491341
294408376
295858123
336452055
288950717
291812303
329048646
328820215
289588288
331055128
330676501
301700491
302271687
302075197
286913910
288626451
304914835
313965302
315891158
336482817
287470189
288455262
293442938
294559586
299899178
299452843
333830570
313409641
315402035
306738810
294215007
294809240
293169881
294008291
323130678
306971504
308873823
301308144
299137560
297998220
286409504
288551028
289684216
289922325
297687579
306932012
308932737
315705712
309489801
312304140
297758978
299049676
328944139
293337474
294637172
293534697
291391510
323147527
314006794
310955739
302571883
311964265
311000464
314624927
314928974
336240236
286696791
288093760
319952048
362568385
364669882
