464207
326738
330388
399074
417730
323011
357972
329993
438197
427308
440495
334740
319627
337332
328419
389979
325387
324467
395187
357941
325509
401237
451261
413633
411210
402584
326680
407528
351249
326037
437679
418622
322001
412463
372870
409762
398971
409759
345463
408921
327103
329242
344773
422594
409357
405441
438066
414799
434938
344699
327054
386372
426145
326431
340314
411856
416658
404089
424266
404621
419473
408886
388450
391350
329301
413725
320323
397791
410323
337750
401619
355159
322568
429218
430079
423055
425269
420864
388211
418600
347961
431486
413586
339336
323412
419634
365941
331847
438328
419604
428272
368660
320879
374861
406591
354530
331785
359019
400535
412038
428678
