315329016
312873533
331897513
336100299
337463574
325556345
307379260
307911284
301548699
312653876
312719169
303006287
303249020
304575777
331240590
331948801
328273366
316413572
317945182
300896458
310472306
311064567
329058910
330178805
307972253
309248751
309984655
314814736
333899721
334446001
304064452
307638327
308086696
315893830
305816716
306303934
305331514
305205124
302057281
345239772
344549960
316469335
338830464
338471456
357450714
313162708
311217850
312178432
312371277
308171681
316653789
309136872
309398001
301320720
300454112
338498793
315947870
316527898
314032377
329203644
330248520
362259661
344559141
343221305
317694720
305560423
305259218
324861158
324061539
324965060
311804974
301239496
301753541
330971279
312570419
314421487
311761978
311867956
308702317
327705439
324548805
317840316
311316432
308966050
318724776
306542731
304929957
294022326
293180706
326559437
322740139
323987456
309189348
311516226
312214085
301190926
298734081
332920767
314251558
312291156
310426386
