442919
579717
559311
597329
305586
566174
566211
649970
324534
530786
559476
586710
550457
545854
398613
611900
582501
290335
591884
574354
537348
527186
576415
559845
641790
357101
574660
649397
553346
652349
605926
539109
591740
562614
374075
638368
604155
528809
544278
554134
560194
602833
517994
544017
545583
642007
556703
568211
559232
551584
591061
566077
351216
553281
636620
342041
560301
588247
578106
361292
524469
548143
295549
634122
533568
582345
562231
613579
324782
547122
546595
553874
566606
350576
525666
528076
565019
577004
346916
546251
535238
532766
547615
349948
616711
566252
573224
303881
560119
627309
600949
267248
550096
559488
597698
325169
545365
565327
604720
614621
358090
