15181126
15176993
15168853
15111714
15250578
15143940
15181411
15124509
15131344
15194779
15175358
15127413
15142862
15160415
15170479
15183617
15155152
15204987
15159212
15213901
15167108
15208626
15153728
15169653
15155101
15091880
15108611
15198252
15152179
15173718
15228589
15134721
15209055
15177482
15151877
15200723
15199498
15149584
15116192
15238016
15065511
15162955
15118275
15131943
15142077
15182503
15202577
15141226
15202542
15139466
15230518
15157435
15138901
15097147
15186784
15169409
15125585
15227850
15125736
15139781
15140185
15146924
15118133
15117174
15135773
15168402
15218045
15156096
15216854
15121077
15155736
15197963
15146601
15209979
15090003
15157654
15141695
15164643
15104281
15135150
15122716
15192474
15133763
15125202
15129699
15106853
15166213
15149057
15176867
15129786
15204309
15160589
15173261
15184951
15077097
15125436
15167191
15139985
15141890
15180108
15099835
