404014
322304
387249
321752
384666
468381
424184
343301
383717
419078
350663
367297
335645
320898
375658
325333
325409
340957
323260
325476
333130
376341
319921
401620
391980
378719
327376
399818
422655
388737
389161
416038
320396
377482
382446
317967
373650
322191
343233
321521
327016
426369
326299
391853
355843
333910
350113
394632
335168
394319
325199
328985
317342
330556
388670
394424
414857
316008
324530
418751
357634
389530
373624
359926
461223
315177
385290
405755
410154
392024
326170
409382
323982
405923
375378
387642
334411
333801
433453
398679
331643
370487
342727
386156
414656
386728
369558
320757
389536
320921
392387
400342
361127
349971
392098
329463
475909
411428
403649
317091
357803
