379927705
353609594
353541812
347542874
358911855
361039406
384363330
378259522
385099093
373717465
373215733
374474147
373567555
391340571
391626832
366700974
383924726
367430445
367327690
371559360
380133650
370330782
371594841
375054278
363974293
393067854
393412571
396320897
377795575
371937783
378454374
382754537
381200382
360654355
389095446
386457522
374318575
368436390
395999196
394956025
358689598
390105921
380079335
373831240
374894312
393594807
384425612
352683137
355098403
379029645
374044976
402595439
403623552
363742937
380148043
368795977
387872389
384583320
381656879
387733294
378282290
378367354
391292487
368444834
379348956
379547699
372053195
391561623
378941498
388538817
391022158
373642223
398696730
364473007
364306022
399091098
379323030
376814754
379403770
378197838
362970750
368918282
368607736
368914469
367451246
371508233
378363228
376469607
382299949
365549261
371320475
370158168
351726069
369586299
368282227
363183347
355555060
369789585
376764439
374949387
373009540
