500674
409559
327596
375783
413850
418161
401632
399424
397816
425235
397651
336701
403590
419681
402941
430889
425214
419960
420157
417396
407641
399779
314780
426289
410800
317995
318692
399987
321319
395305
322499
396612
429677
314560
391312
331274
426344
425799
334314
351958
395793
440891
397397
453547
398244
409584
361555
413940
427997
392474
321390
432102
401146
440767
387222
440341
331290
404407
324223
417919
334832
419936
318666
319845
320663
405416
413400
408183
324854
450053
395700
417832
387946
326978
319261
334265
402140
387551
409565
450970
447647
423160
434555
387722
382652
411202
405594
325048
316570
360512
406580
407408
411319
380175
319015
315197
407285
362958
402455
402055
322851
