285389215
283434515
265447111
265810160
298655434
317365653
316525957
255611199
255788497
324114939
324940255
326008913
265849502
266807653
297478150
260783317
261706448
296873334
296826815
261248832
262311079
257146006
257405286
308766033
248302036
248033004
276818930
275415537
272507976
272977919
264469668
265139185
274475958
275438635
248377249
244858087
351717811
255469294
253818969
245016512
246874444
287646507
285944162
306217440
307016748
319864226
288244163
289578097
291170207
274197169
275461447
317572043
315345923
283423895
284330317
315816816
270589594
271044802
268698954
270585412
305418850
264340956
262287917
352804296
352470682
266326665
313623569
315289490
318054396
314371002
314028151
274469929
275089188
346541033
312485733
311509697
251183220
252167071
244882194
247457962
306987922
239993413
240334075
241117784
247544176
248256014
330011856
316155474
317110041
249745810
249959514
280944137
308695099
306358439
253733496
254205887
255633107
257165797
267762358
267755900
300742078
