398905
342902
331951
343637
337730
381903
389425
349760
381673
355639
328719
329787
324134
332197
365895
370992
317260
341197
388137
320251
411910
344398
415973
331729
378611
413254
341406
323046
376518
376569
388027
314240
383354
367189
324759
378385
378847
417404
373927
333342
396444
321508
383760
326167
331229
319239
347768
380922
329200
343254
332974
318343
322110
416562
416838
326049
381983
319693
322176
389870
412613
397074
434995
376396
327259
410921
420598
428493
386493
401565
396647
409203
418717
358544
386381
339289
407331
395449
323122
374952
363419
395558
401641
397500
363780
382863
405046
342859
328790
319820
403001
343160
320580
426163
371709
403801
356398
384175
317675
374633
382144
