416278181
418759963
415933597
419528069
399997248
415393644
430902378
410709109
410228237
460915658
416829121
428011385
464146933
424032889
411059805
420300463
420260816
437778575
414404001
418484683
438866972
446776701
423967538
425988797
432497381
441921040
417231915
420988296
416343740
451525237
399791116
401140634
424369353
435252090
422214293
426743696
404366959
406686781
427689462
412560813
409691554
418490324
415303041
435560172
432178958
426307382
417223691
432231970
415252530
415142840
423643544
419786466
460050173
450304458
426934089
421216145
430938633
433979521
443067765
443597770
441881322
404239041
427786928
429127833
415452479
417791435
427852565
428977223
425649006
410242132
422958689
412273236
404520938
406407084
423650155
422234467
410482326
424770268
419187572
425611355
425318916
431094346
422349398
425819311
435677757
433972273
418099735
420929835
426875786
411137942
432121131
415846121
424798609
429336570
431119697
427682330
433340154
436481839
421553901
437202518
436146230
