394100
320760
315442
318140
322297
314288
331243
321371
333343
326080
320510
321068
316639
321276
318988
318087
318596
326343
318728
318644
335740
316393
329264
322498
319403
318934
319183
322763
317600
313841
404852
325391
317055
332164
318327
322173
315743
349367
323168
333058
319482
386625
328333
313969
326140
322183
316996
319296
328635
317979
315868
322067
316516
325987
320324
318165
328093
319523
317013
319151
325237
314333
323766
323272
314812
328289
322300
323089
319961
323458
396101
323654
325152
318541
319483
319693
332924
315066
322897
319427
317367
399078
329995
316717
321687
321715
320503
313959
321994
323280
318779
327932
319278
332783
319198
323549
323252
337198
322928
318472
319349
