371700595
333379062
336819058
333577657
338363311
344676493
345802420
329092032
330210684
336808609
339378323
340425454
347615570
360584224
342194296
342841182
339692375
359946400
360753157
371196195
337724366
338979370
341116843
367389998
419035754
419949171
345951660
351178342
340132114
340735148
337263615
354915556
355916713
356364737
324874197
376141636
374590019
327861219
347501950
345526313
338580138
374033253
354597522
346632680
349381338
346284237
338745534
333774371
327881626
325787867
334709401
315211219
316989506
327367657
317036140
317708299
369274659
305871340
304493948
323721652
341228681
340464007
346115741
339507327
340240817
312667189
353689959
352158455
340932617
326501731
329327287
377093344
352788863
315921806
313673902
379083361
330356367
328688835
347911555
342514982
340746044
332085558
355812100
353805096
342116075
344318986
357103957
357315119
366833043
342523784
343231748
371489598
342388881
368536099
369905962
333546810
343275857
343352899
351260831
348698705
336376382
