384690
262717
346349
270107
304981
263503
258330
325846
247268
264776
266987
289181
229631
270103
252482
323056
263828
270666
265852
279507
285685
234082
238858
257150
251972
268824
348542
268716
363443
279789
274883
266544
321212
371332
303592
238311
239746
230670
239031
238207
241059
278684
254310
269057
300828
242292
260972
378630
272004
297214
280534
263884
255731
270943
337904
281129
262404
257006
264657
289646
290226
293846
260164
248534
269641
354872
337044
247308
236664
255786
268974
266918
300825
263715
336171
255916
263409
283027
292905
327635
229026
258608
265834
308385
242590
246024
263947
299092
318210
257364
250692
258786
353458
268695
322768
283662
226905
237329
277562
260732
319592
