15166476
15137886
15198185
15194650
15159111
15178692
15154810
15143432
15145125
15195512
15143531
15253931
15134294
15191779
15194728
15175852
15194365
15225112
15161136
15185788
15132561
15174489
15222756
15180882
15257392
15131915
15188371
15096009
15141608
15188328
15142330
15160009
15129932
15196534
15139933
15144191
15149723
15133821
15246517
15173483
15170761
15147099
15211134
15167066
15239624
15167108
15148037
15258985
15164528
15162670
15140056
15228467
15255988
15160203
15141367
15175025
15164198
15190431
15182873
15105498
15162524
15198319
15170653
15202791
15135492
15192917
15087143
15178767
15190826
15177569
15251036
15202040
15186012
15100808
15188901
15231651
15116106
15149723
15127292
15211307
15127274
15148822
15154413
15135758
15150989
15193949
15144957
15144247
15201461
15234213
15163470
15181969
15236267
15138652
15176999
15145897
15219806
15267559
15238836
15181616
15170933
