391727
271469
277195
262941
261576
314563
329102
266373
289265
394807
278561
322107
355501
253435
258769
282570
479049
260887
316658
420153
260695
257385
298186
314225
282073
255143
282518
333358
284653
259465
283367
285372
271653
259199
268715
296305
294570
287294
292128
266715
277569
285197
347343
252305
289904
285089
327881
238256
399190
297534
274842
269960
290493
294084
232608
274215
286724
363682
244829
277504
290944
306539
336060
292213
257141
292435
321144
256163
267817
311899
389102
248697
257220
277623
297316
284768
250148
309047
280938
268754
263001
273340
384915
257976
272633
252416
294102
282252
322316
242806
280438
262865
413784
293033
320416
431768
238949
267438
277480
418740
247496
