15812291
15811444
15876549
15886964
15845890
15760145
15954523
15804526
15823542
15827800
15979431
15862442
15852122
15877915
15885815
15845791
15941553
15842179
15843679
15769572
15884599
15803813
15801826
15873006
15857916
15797770
15826996
16051255
15885488
15829901
15867556
15872608
15888174
15810636
15940636
15928704
16034087
15985349
15872294
15811151
16010482
15805873
15921269
15802474
15947002
15819880
15903337
15844225
15858817
15869637
15835248
15844822
15820654
15920094
15825060
15831468
15837383
16027044
15857847
15789092
15769838
15831862
15793592
15897684
15946378
15784561
15972769
15876253
15939531
15834942
15969714
15963482
15827276
15811914
15862182
15863059
15810086
15767748
15859528
15889041
15794480
15832669
15810145
15842147
15841421
16072333
15831141
15903842
15908007
15860399
15841909
15925130
15964718
15881229
15883268
15820821
15943792
15825366
15815262
15823605
15904477
