505611
437583
375508
317832
344180
316966
373279
352385
361936
314670
381891
383990
415921
326059
390240
394036
420377
399044
382365
339256
365394
368534
451685
326666
380850
376607
320607
343855
345550
397823
392229
324917
332040
321696
379549
320179
338245
406916
329893
370555
392116
327891
390425
371032
341838
378820
337878
407167
326669
382234
397918
389970
388234
323841
394342
333576
375379
356421
394453
380471
372429
374995
405736
380724
330056
434309
400254
391525
401712
386981
324111
420371
391074
327295
387687
326622
382135
318985
318048
323462
340520
312904
427114
412897
334054
382801
381592
362744
322816
347787
409359
418624
381753
323017
331056
357525
330851
367744
418419
346521
332203
