349525037
361986860
362107437
354811182
346916608
349352831
354304920
350056013
371819658
371527623
347666923
353789127
356988287
351647689
339581463
362449864
364356173
376719521
358856179
354408389
355926807
367397843
357222969
357060092
351539466
341923304
353602552
350070823
348712607
360908084
359770734
353073554
376811190
360172278
360204655
353937624
359893202
371940294
368487195
369294155
362716275
345858551
345734603
353394586
355824243
356876003
349244878
350870988
372674134
373079765
365698261
351911974
351993701
353345262
351305282
355293327
354074314
363864273
344793884
355932480
353346492
339312635
344604566
345867635
351707946
355422914
355087252
357260664
355060859
360643500
361223031
361719931
363831278
350989360
346557569
363556040
364241102
360843606
378867181
361775111
346191506
344587769
358158870
347813152
361208740
357800950
366303098
365583331
366443628
351645029
340305094
346808152
345273762
366627112
361055438
357822766
354989699
381606691
361568917
362356859
350219617
