757501
675424
628910
625855
678867
596372
573221
613353
637001
694716
591804
731407
604082
595140
599400
639883
562254
695371
600047
651720
604830
578846
582076
650986
606186
575001
565310
594390
591296
750489
568699
626712
568892
568379
588696
699972
713001
621891
679494
640024
606012
659437
668329
578097
577993
580430
617920
663459
587792
579974
644477
688099
757994
679198
702389
595201
575098
689322
609700
659921
588941
703088
624262
578190
683996
603254
709624
588711
669921
586110
597114
674720
706634
706694
567655
631598
605978
708747
575918
598807
699480
642403
647605
643864
567619
630251
623131
666872
595796
705012
595104
692057
675767
600636
567797
591933
585063
652852
594467
589436
582652
