15198606
15276990
15290959
15232234
15195253
15106706
15264425
15218406
15239142
15158411
15208698
15177956
15190074
15146093
15133664
15126923
15063187
15201661
15150822
15123495
15129033
15166414
15166523
15155850
15158862
15241876
15197344
15152826
15187120
16071758
15272646
15293740
15139926
15169474
15217364
15112150
15207764
15153328
15352189
15103230
15212300
15123014
15175859
15244777
15221115
15165710
15129594
15174032
15108296
15159207
15105531
15157769
16046013
15298878
15211060
15091031
15238432
15192966
15180511
15126207
15221369
15217357
15165700
15165493
15240412
15216809
15213178
15249309
15281327
15215610
15202489
15192779
15244045
15259865
15213702
15235558
15142611
15236288
15134993
15157067
15144663
15262834
15233922
15225538
15186565
15292782
15225004
15195407
15166186
15145621
15170855
15166491
15110016
15140978
15187292
15185501
15150409
15125971
15135096
15141097
15101917
