374321
226747
233084
273336
221219
237714
255527
249678
321157
305542
246105
241497
259940
244934
349745
289432
256061
252050
339420
218806
221478
262855
243393
261485
228280
229985
241784
286256
260221
358149
256322
217196
227906
239431
255796
250661
299357
258862
221067
236485
257140
366860
286950
320989
243030
239415
250951
243115
240898
262901
249277
257288
246253
224103
238788
339109
265264
300584
241901
245741
232744
253707
265550
268017
311687
230515
252946
276146
248505
244218
242317
243889
291927
358694
329579
231172
236082
238497
238372
217125
211856
209809
253987
365099
285275
251709
333004
265905
266639
218829
253829
233416
257445
342889
228941
240218
226164
251975
247551
269117
341299
