15158469
15216396
15142980
15138572
15196749
15179456
15174279
15122348
15119772
15123541
15199808
15112261
15162271
15122212
15127967
15147509
15223583
15189334
15249425
15130645
15172589
15141128
15157241
15194523
15119130
15168608
15173919
15159400
15165797
15130911
15130329
15134236
15244169
15130814
15115405
15119343
15131323
15184931
15160541
15161417
15175291
15142450
15169279
15222988
15152205
15093899
15195707
15130501
15158637
15128999
15135761
15127096
15151088
15145099
15162665
15172440
15165101
15111282
15121661
15148804
15209890
15170482
15124416
15138549
15137371
15130408
15152865
15159359
15108266
15135472
15139310
15201601
15150272
15106580
15183623
15149050
15151831
15155878
15211724
15107859
15151061
15142613
15144991
15174237
15176967
15134509
15170070
15176640
15190243
15143074
15159429
15141403
15119813
15155945
15160809
15152566
15162951
15183393
15148616
15122605
15055016
