486235
337329
355900
372434
330239
349266
354702
353167
406375
361305
353683
348990
351961
433727
324181
340360
353753
414751
323333
351724
362012
353246
404435
354841
345553
339537
375604
354910
442920
331247
351548
347676
387299
405213
323743
346049
341147
453640
343868
364379
346674
438771
405805
328355
351765
356862
490838
329400
388662
359232
394038
357984
329015
344316
354474
349259
430890
330814
329948
344078
358750
452512
373510
321146
334199
393342
353574
421032
344571
342778
375067
429503
359731
379740
325596
378147
319119
374530
316497
338496
436354
367965
443246
347207
352754
373713
406120
405258
325674
343508
366271
381085
364063
319533
359825
349481
363021
350158
329786
330884
356822
