15193243
15159901
15247759
15165508
15229160
15177074
15209889
15167520
15151439
15154870
15151289
15156588
15168171
15220841
15109166
15206738
15149456
15224129
15153050
15168259
15183593
15136838
15188875
15128692
15173655
15167889
15215107
15157063
15141926
15127387
15578062
15195480
15106159
15186433
15166220
15184719
15855820
15209251
15153877
15189825
15209990
15150902
15197086
15134708
15216276
15135494
15115540
15147712
15163033
15125710
15143642
15168203
15139419
15194266
15257282
15140707
15201122
15171446
15158350
15162474
15187466
15131087
15544136
15178005
15186143
15145840
15118062
15203604
15139406
15165469
15192217
15190922
15118452
15197513
15130386
15224484
15156385
15158630
15199209
15217303
15153336
15097518
15144195
15178344
15150324
15220192
15104612
15232374
15133398
15219378
15161744
15210526
15169088
15146198
15197473
15159252
15840414
15134322
15254540
15156326
15156819
