496356
350957
415242
359959
398291
356996
419434
351198
437332
359910
364097
350917
363134
494311
354618
416483
421181
337277
398778
426198
407322
368611
435277
361856
324528
485258
383179
366667
370687
374998
437674
326193
384077
378482
413385
424803
378859
429456
446037
355745
429398
346448
401190
364528
411050
329730
324923
349214
375675
445956
370179
334731
399823
355636
402638
393877
364240
356690
361403
464360
420439
476318
398504
437847
445974
457204
371039
349025
362949
485158
417283
395876
323057
389748
412483
334787
341616
387866
404927
384088
369531
326736
440147
349300
394206
405940
358645
408333
369367
341802
408559
402352
424189
340972
401571
370544
399770
336250
348837
372082
543005
