15096576
15176898
15119342
15156651
15142817
15091918
15331182
15144753
15133796
15117022
15122758
15143437
15212300
15150557
15138655
15076368
15191405
15098456
15130635
15098373
15154194
15111608
15193309
15140680
15119378
15247860
15182755
15321407
15236077
15181894
15154597
15227689
15207633
15431533
15207900
15321182
15160030
15140626
15178917
15170497
15141184
15195001
15181010
15158310
15197033
15078911
15124378
15143530
15135250
15129002
15101222
15125013
15125522
15145683
15067572
15150507
15064481
15221377
15087927
15099838
15210335
15261512
15227031
15243588
15091655
15153190
15172599
15104859
15169216
15130017
15145443
15125186
15232326
15116623
15170621
15127382
15187311
15163207
15134791
15083967
15153280
15072878
15094961
15099448
15073883
15141187
15076430
15124962
15238875
15197915
15102509
15125781
15188556
15132071
15178274
15093495
15166771
15090435
15169184
15120024
15547162
