867393
764445
769994
914292
857466
783583
762973
773332
773449
924684
850274
882654
776898
850849
758198
741286
769662
804830
761527
765900
826515
753704
731283
756064
778063
801285
940918
768141
772410
752089
842875
731379
767544
752206
847094
869760
802717
728159
740165
760549
842623
847764
763440
809672
799738
750605
775944
791344
830122
730714
743715
836069
804224
741996
741136
740315
787702
762498
760512
874870
775930
833146
778307
836319
773523
843384
870789
959521
724216
768598
794919
835637
874365
747040
819392
871004
772887
892284
814640
774278
744360
790425
860155
752406
752030
845804
793389
748744
788792
772945
866440
732986
745923
796539
744232
754432
754804
898362
766406
771739
784952
