15178158
15194620
15183387
15207923
15176983
15142148
15197070
15166487
15203373
15196019
15184652
15210680
15187815
15144613
15037233
15292559
15169522
15274495
15197605
15177802
15156494
15125827
15234113
15138530
15110730
15194804
15183499
15247636
15107134
15140136
15146608
15179159
15218869
15151954
15187768
15131710
15123249
15198979
15225763
15193236
15177894
15239484
15214040
15166532
15222148
15185944
15123870
15130225
15176530
15116080
15166096
15176383
15189152
15092386
15146387
15195755
15203959
15168697
15237798
15300828
15766046
15202246
15267211
15208624
15207712
15343352
15266292
15166823
15199201
15279012
15239726
15151739
15211670
15200417
15278690
15207123
15211632
15381635
15211244
15050020
15233821
15542826
15146668
15182015
15238084
15222179
15163245
15146959
15188952
15168173
15102525
15195655
15200092
15119694
15215239
15198833
15194029
15213184
15180763
15204609
15157930
