449019
536033
564321
560018
388915
288331
559600
331130
308415
547150
293739
578029
304588
362409
680208
533946
340187
640929
563021
543417
580891
290749
302162
305104
314588
280164
521847
560105
334194
560495
649237
268942
412897
278405
264951
279851
313862
312493
410674
288119
584793
548430
402883
290992
556283
337672
571898
362351
541320
306280
287866
661690
558051
359671
536485
541264
289902
282868
330428
330905
572124
553823
534014
541107
296382
571688
559751
388418
592450
534895
346210
550810
615921
670100
310992
663518
405546
622931
291467
529499
554838
372062
310711
657754
294055
550451
575922
318775
385279
359223
553810
553212
556167
375129
621274
551490
343057
325908
309886
607090
319250
