15155314
15208230
15232403
15191602
15173340
15135206
15189090
15157838
15147919
15159422
15210393
15194704
15176937
15147120
15160997
15135621
15164035
15166199
15115303
15193213
15184477
15166505
15134327
15163719
15165489
15169104
15155952
15181279
15179613
15210719
15109352
15131648
15167128
15106232
15233775
15116309
15125920
15056955
15299829
15186116
15149174
15162566
15187278
15159381
15233070
15182377
15152419
15201486
15183781
15164560
15194723
15207481
15192372
15199868
15158282
15188066
15244664
15231898
15210682
15130766
15137436
15137527
15164100
15177968
15232488
15202676
15175912
15150611
15207869
15210635
15280534
15236998
15173594
15219991
15234456
15180199
15160558
15188210
15223037
15164956
15134736
15153130
15148028
15197107
15225558
15194965
15191418
15167046
15139720
15217273
15215477
15190730
15216504
15157882
15141675
15212997
15144827
15161760
15112411
15140434
15167166
