407324
289201
410190
320053
348741
284459
313806
317165
384879
287815
272878
306135
323453
378975
419773
305151
324211
307595
397281
313015
290679
285139
318265
297882
356053
334306
281813
300080
339850
272073
405987
335355
313299
289578
308322
320924
319488
279024
425017
368162
388238
367390
306854
389343
381796
262439
309614
261429
397481
300396
350344
300401
293733
333241
303549
406910
290477
358393
299577
305111
296919
318553
317485
282995
284960
304778
313484
346875
360800
316428
281976
280705
322140
313673
336558
307894
356800
247999
277881
326659
317600
389247
287110
311541
391272
275438
289151
306232
307059
258629
373049
299569
335402
343482
354906
274910
283147
333866
306744
348673
304465
