15218380
15152442
15159565
15158738
15135753
15180659
15149759
15193471
15167214
15243034
15142486
15190487
15106550
15121005
15236266
15129437
15161968
15130882
15497490
15131985
15223427
15194869
15140568
15201991
15117077
15182081
15099365
15206832
15123443
15216037
15507333
15148097
15192067
15117076
15184541
15253640
15181631
15220134
15198686
15199852
15129748
15137693
15135553
15131518
15197690
15147599
15238818
15103987
15199818
15202777
15171246
15215608
15111920
15205801
15187382
15221564
15157026
15193547
15143740
15150005
15159591
15148663
15150824
15134594
15149090
15120216
15109829
15137115
15171854
15213035
15149507
15182808
15141330
15186274
15164113
15129607
15200177
15142017
15129336
15158316
15151853
15161946
15118245
15129882
15113542
15109011
15130164
15157549
15160818
15228046
15163394
15233072
15242758
15139697
15228628
15173558
15159772
15158541
15125227
15166379
15150681
