513547
386403
372075
430610
402556
337659
328376
353063
390069
333067
417293
317680
401191
366737
404755
328263
339893
411403
357561
430464
401909
321180
421511
434629
352544
324917
323282
392876
400419
331969
327354
333126
411225
388641
330460
413574
317900
405073
393210
398249
430971
422495
324493
409253
328778
420036
323083
403903
322975
432133
407196
359982
421949
333080
320987
385719
335738
335608
343230
328501
353155
409807
323221
322219
419076
321784
342870
329854
348373
398994
434344
404846
323139
405315
322114
406923
426524
396765
357923
425367
414985
374144
320858
420520
427522
406207
326197
450248
381045
330739
335515
413851
329108
419775
407945
322873
424299
391649
334766
425610
320069
