320340146
344571586
343853133
337212460
339787425
341294654
330444099
328314647
328703418
328250501
323862637
325132951
331156375
255222984
257548630
318209240
319748334
334732875
313095156
313684454
313580677
326773917
327175938
330339723
331575132
332167297
330066506
318730931
321938895
327375438
314426565
315541894
320971027
317669456
334531321
326009340
323899210
309422063
345147365
340678111
311977086
315211742
314459620
321887731
330469757
328266211
319848680
330921100
328045110
294886525
314800452
315324607
340806226
333975666
332736618
316238724
336351860
332840121
272095343
271570860
324415047
345792953
345306234
326035493
338650697
336704634
326408805
316300060
314942838
331719674
313937951
313758425
319166063
337800019
337782094
323354435
323506954
324568388
314581242
306297528
305728340
331330652
327287187
329885182
308423743
323953930
326408229
320816203
319530636
332328392
324193130
322672097
315533263
321672030
317927420
327476373
323176385
322180846
327719507
310169634
311048386
