885526
744228
738238
763457
717632
769167
780879
852347
726728
742023
809202
761792
745015
814073
743390
826667
731632
816786
807441
730852
767811
749061
792376
738470
720407
745965
748794
754047
767287
733791
745554
766156
774794
721590
780244
748508
806749
891480
711813
751484
775102
811810
794201
726988
746920
763963
860217
715689
769718
779708
832104
710459
748465
744581
831837
720316
733874
742421
802723
789619
706962
734513
740168
844844
727750
720989
795357
749977
829726
712382
744167
750357
753488
771041
742733
740133
865345
824638
750977
725784
759312
738267
766966
722814
736813
732201
754109
789010
719933
728421
757693
748644
740617
719961
733401
738091
774459
747219
728649
754980
776253
