15178650
15153909
15197793
15151705
15175347
15185761
15158936
15146506
15137725
15151031
15193249
15171271
15211582
15141711
15197195
15147606
15168871
15157116
15198966
15151236
15178794
15178415
15156619
15170920
15194483
15157931
15155278
15144079
15150306
15215208
15147716
15177221
15137478
15203159
15205103
15188169
15205202
15155780
15126433
15167198
15197023
15129597
15216815
15184459
15211272
15206457
15148478
15182678
15211870
15151679
15171044
15142121
15146305
15115831
15147660
15155271
15146345
15169908
15128050
15184250
15091976
15119577
15180339
15183103
15143604
15151628
15136561
15121669
15174753
15137967
15180528
15177093
15173914
15116662
15120961
15112226
15170683
15184722
15184780
15183287
15132586
15278670
15167575
15169583
15159662
15179571
15177222
15144228
15163781
15148724
15155096
15134402
15161021
15157842
15208267
15151170
15117336
15138388
15225261
15155026
15194271
