335692
275668
239673
287065
286501
232753
251677
363689
381957
229823
244807
325959
292224
325353
221569
324400
311083
249355
326862
325590
233652
299682
300364
221506
254637
298849
319468
220878
253616
240817
306777
267255
235873
224122
241888
353876
279886
316429
233073
261194
208949
338346
232533
241571
254187
281184
252135
306275
238230
225412
233487
258687
245060
335541
223115
223098
249559
244461
249114
267722
237280
249893
340375
240224
257194
279521
225389
241165
255224
248850
304542
271997
213244
247059
252442
321513
278278
254140
217953
240948
360894
264229
254839
225383
228003
217934
240359
241455
259587
281980
244640
229001
238239
259293
356152
313958
255174
227746
229286
250455
243419
