15184897
15183388
15179196
15205778
15237938
15130187
15186790
15157877
15166407
15147491
15148773
15144795
15128302
15052233
15241145
15192586
15144379
15146425
15155831
15198264
15216086
15159024
15161772
15146058
15216427
16606728
15101793
15192194
15164920
15161806
15692154
15370558
15169049
15240218
15134229
15329389
15140554
15356233
15292469
15217770
15147018
15275740
15248875
15142806
15200793
15171577
15150955
15187251
15138645
15211846
15179394
15246840
15149365
15160036
15173106
15155830
15254590
15126176
15193567
15150595
15265841
15147787
15152523
15144014
15123177
15166233
15105632
15215712
15129486
15179854
15114965
15140079
15149349
15155419
15184353
15098552
15187784
15159557
15240629
15185653
15149431
15156694
15142519
15184770
15179564
15214164
15166062
15142743
15192299
15128789
15233490
15175627
15180259
15224258
15193404
15156887
15142720
15232215
15128594
15191334
15190890
