396942
326312
323140
326636
323072
401731
324134
321646
325358
329974
317627
322105
320173
327359
323360
322294
323872
326910
315518
328004
320006
331608
317835
320887
335659
320557
331991
325064
328901
319640
319109
331795
327598
320964
321396
319755
315384
323211
346000
319832
331249
323530
320301
327902
396410
322083
326262
333658
321661
323478
320245
326531
430279
320825
325248
324669
322267
321405
327666
321273
323109
323659
319864
329561
322887
319983
478282
318024
321152
331571
320107
323313
320829
317711
323864
324698
317691
327478
323047
322174
325424
321402
327546
325991
318187
324303
324786
327306
323976
323294
319971
334839
316791
321007
320377
315231
324951
326468
396012
375732
316269
