332741708
329726321
317923538
327263026
328232771
323011348
318536719
319818935
304280293
296440887
297818387
300657508
302287797
327491405
324242787
324933482
303894350
296756012
298070616
305207109
306016508
101450808
101602921
102079359
310870579
311810123
320035515
306859394
307682202
308442799
309213718
344181989
344145860
341766842
318849427
308721409
307091006
308380083
319564584
318967843
328076780
312440627
310899685
309877545
311409144
326434519
328491428
329275207
323045733
303698324
304444442
325605488
321447007
322024652
324034577
316406724
315329680
344034536
341256283
342525642
333218642
309277160
309443996
324945821
325599873
324442637
324589178
325168882
305914719
325627846
323827165
315175028
304525157
304596074
313283263
308009450
308853845
309133927
309840485
343584364
289896581
289955771
357814099
313684518
314024291
330797569
327112382
328579181
298011764
322099642
323228946
318402328
317825039
310981126
311419000
309595103
315004096
311447691
309889797
297432573
298966612
