391045
321326
324173
360228
321941
403515
356800
319775
324619
330098
322156
354584
321407
321944
334633
319041
340423
322325
318381
328973
318016
320009
322434
316909
315883
320221
316234
318046
318191
379368
318819
316008
318377
408714
333142
320422
322809
319580
324758
336686
322522
330582
329475
318681
324481
326298
318953
326464
324719
343266
353179
332650
323660
321087
320887
332817
321066
323898
320361
332231
318405
323976
318827
319120
326599
333323
317572
320757
331748
334435
319020
321782
318568
324230
396051
315891
316761
361391
330298
317340
324766
318905
316300
359559
320732
317169
323976
319247
431006
317724
313776
321504
321931
318639
317652
322162
324138
319860
345021
326106
316021
