325081096
320347812
349476579
347834112
347875084
317926514
335911230
336402079
360881548
342221755
341978593
342519499
323532375
373462060
375083878
331534001
318958317
320558317
106190594
107011869
343112471
344647093
339163842
330454973
331993202
327100426
111935663
112232019
112409273
113241863
112728351
334251051
335098714
346523467
316932727
318239179
320128776
344013600
346473630
316681699
337326260
338261468
323619860
323003993
324322088
321526614
356381627
358011954
326333121
332400193
332629102
353530905
334094519
322346314
322852088
338206282
340137845
341058906
356866645
363959169
363449717
326046139
327112672
328028907
319209244
320671988
322695582
327772145
319685475
318681770
345170506
332512705
334806687
328801542
343368219
344236298
353902980
339259534
339792664
325100744
349220549
328342330
329611740
319973641
318592774
338092099
343922946
113643501
114065008
114488760
113760108
115102580
358290360
356680985
302841963
336643135
335147748
335368074
348956924
347560229
332500656
